x,rho,rhoU,rhoE,p
-0.5,0.1375,0.525,1.3375,0.1340909090909091
-0.498998998998999,0.13744989984979974,0.5249499499499499,1.33734989995,0.1339612029876842
-0.497997997997998,0.1373996994992991,0.5248998998998999,1.3371999001003005,0.1338311863980346
-0.496996996996997,0.13734939894849804,0.5248498498498498,1.3370500004509012,0.13370085878433297
-0.495995995995996,0.1372989981973966,0.5247997997997998,1.3369002010018025,0.13357021960662774
-0.494994994994995,0.13724849724599475,0.5247497497497497,1.3367505017530041,0.13343926832263495
-0.493993993993994,0.1371978960942925,0.5246996996996997,1.336600902704506,0.1333080043877292
-0.492992992992993,0.13714719474228984,0.5246496496496497,1.3364514038563087,0.13317642725493598
-0.491991991991992,0.1370963931899868,0.5245995995995996,1.3363020052084114,0.13304453637492353
-0.49099099099099097,0.13704549143738334,0.5245495495495496,1.3361527067608148,0.13291233119599397
-0.48998998998999,0.13699448948447948,0.5244994994994995,1.3360035085135185,0.13277981116407522
-0.488988988988989,0.13694338733127523,0.5244494494494495,1.3358544104665226,0.13264697572271186
-0.487987987987988,0.1368921849777706,0.5243993993993994,1.335705412619827,0.13251382431305805
-0.486986986986987,0.1368408824239655,0.5243493493493494,1.3355565149734319,0.13238035637386708
-0.48598598598598597,0.13678947966986008,0.5242992992992993,1.3354077175273371,0.13224657134148474
-0.484984984984985,0.13673797671545418,0.5242492492492492,1.3352590202815426,0.13211246864983872
-0.483983983983984,0.13668637356074795,0.5241991991991992,1.335110423236049,0.13197804773043167
-0.482982982982983,0.13663467020574127,0.5241491491491491,1.3349619263908552,0.13184330801233105
-0.481981981981982,0.13658286665043423,0.5240990990990991,1.3348135297459622,0.1317082489221617
-0.48098098098098097,0.13653096289482675,0.524049049049049,1.3346652333013693,0.13157286988409542
-0.47997997997998,0.1364789589389189,0.523998998998999,1.3345170370570771,0.1314371703198435
-0.478978978978979,0.13642685478271066,0.523948948948949,1.334368941013085,0.13130114964864728
-0.477977977977978,0.13637465042620198,0.5238988988988988,1.3342209451693934,0.13116480728726856
-0.476976976976977,0.1363223458693929,0.5238488488488489,1.3340730495260025,0.13102814264998175
-0.47597597597597596,0.13626994111228347,0.5237987987987988,1.3339252540829116,0.13089115514856386
-0.474974974974975,0.1362174361548736,0.5237487487487488,1.3337775588401213,0.13075384419228575
-0.47397397397397395,0.13616483099716334,0.5236986986986987,1.3336299637976312,0.13061620918790284
-0.47297297297297297,0.13611212563915265,0.5236486486486487,1.3334824689554419,0.1304782495396463
-0.471971971971972,0.1360593200808416,0.5235985985985986,1.3333350743135526,0.13033996464921324
-0.47097097097097096,0.13600641432223015,0.5235485485485486,1.333187779871964,0.13020135391575735
-0.46996996996997,0.1359534083633183,0.5234984984984985,1.3330405856306757,0.13006241673588015
-0.46896896896896895,0.135900302204106,0.5234484484484484,1.3328934915896875,0.129923152503621
-0.46796796796796797,0.13584709584459334,0.5233983983983984,1.3327464977490002,0.12978356061044788
-0.466966966966967,0.13579378928478028,0.5233483483483483,1.332599604108613,0.12964364044524804
-0.46596596596596596,0.1357403825246668,0.5232982982982983,1.3324528106685263,0.12950339139431763
-0.464964964964965,0.13568687556425296,0.5232482482482482,1.3323061174287398,0.1293628128413535
-0.46396396396396394,0.13563326840353868,0.5231981981981982,1.3321595243892541,0.12922190416744206
-0.46296296296296297,0.13557956104252403,0.5231481481481481,1.3320130315500684,0.12908066475105065
-0.46196196196196193,0.13552575348120893,0.5230980980980982,1.3318666389111835,0.1289390939680166
-0.46096096096096095,0.13547184571959348,0.523048048048048,1.3317203464725986,0.12879719119153893
-0.45995995995996,0.1354178377576776,0.522997997997998,1.3315741542343142,0.12865495579216724
-0.45895895895895894,0.13536372959546134,0.522947947947948,1.3314280621963304,0.12851238713779198
-0.45795795795795796,0.13530952123294465,0.5228978978978979,1.3312820703586468,0.12836948459363526
-0.45695695695695693,0.1352552126701276,0.5228478478478479,1.3311361787212639,0.12822624752223977
-0.45595595595595595,0.13520080390701011,0.5227977977977978,1.330990387284181,0.12808267528345904
-0.45495495495495497,0.13514629494359226,0.5227477477477478,1.3308446960473987,0.1279387672344477
-0.45395395395395394,0.13509168577987396,0.5226976976976977,1.3306991050109167,0.12779452272965086
-0.45295295295295296,0.1350369764158553,0.5226476476476476,1.3305536141747352,0.127649941120794
-0.4519519519519519,0.13498216685153622,0.5225975975975976,1.3304082235388541,0.12750502175687234
-0.45095095095095095,0.13492725708691675,0.5225475475475475,1.3302629331032734,0.12735976398414106
-0.44994994994994997,0.13487224712199689,0.5224974974974975,1.3301177428679931,0.1272141671461042
-0.44894894894894893,0.1348171369567766,0.5224474474474474,1.3299726528330131,0.12706823058350505
-0.44794794794794796,0.1347619265912559,0.5223973973973974,1.3298276629983337,0.12692195363431438
-0.4469469469469469,0.13470661602543485,0.5223473473473473,1.3296827733639545,0.12677533563372148
-0.44594594594594594,0.1346512052593134,0.5222972972972973,1.3295379839298758,0.12662837591412163
-0.44494494494494496,0.1345956942928915,0.5222472472472472,1.3293932946960973,0.1264810738051069
-0.44394394394394393,0.13454008312616922,0.5221971971971971,1.3292487056626194,0.12633342863345484
-0.44294294294294295,0.13448437175914654,0.5221471471471472,1.329104216829442,0.1261854397231173
-0.4419419419419419,0.13442856019182348,0.5220970970970971,1.3289598281965649,0.12603710639521043
-0.44094094094094094,0.1343726484242,0.5220470470470471,1.3288155397639883,0.12588842796800243
-0.43993993993993996,0.13431663645627612,0.521996996996997,1.3286713515317117,0.12573940375690418
-0.4389389389389389,0.13426052428805182,0.521946946946947,1.328527263499736,0.12559003307445657
-0.43793793793793795,0.13420431191952714,0.5218968968968969,1.3283832756680602,0.12544031523032073
-0.4369369369369369,0.13414799935070207,0.5218468468468469,1.3282393880366854,0.12529024953126608
-0.43593593593593594,0.13409158658157658,0.5217967967967968,1.3280956006056106,0.12513983528115888
-0.43493493493493496,0.1340350736121507,0.5217467467467467,1.327951913374836,0.12498907178095164
-0.4339339339339339,0.13397846044242442,0.5216966966966967,1.3278083263443623,0.12483795832867149
-0.43293293293293295,0.13392174707239773,0.5216466466466466,1.3276648395141888,0.1246864942194085
-0.4319319319319319,0.13386493350207065,0.5215965965965966,1.3275214528843158,0.12453467874530447
-0.43093093093093093,0.13380801973144316,0.5215465465465465,1.3273781664547428,0.12438251119554114
-0.42992992992992995,0.1337510057605153,0.5214964964964965,1.3272349802254708,0.12422999085632923
-0.4289289289289289,0.133693891589287,0.5214464464464464,1.3270918941964986,0.12407711701089551
-0.42792792792792794,0.13363667721775832,0.5213963963963963,1.3269489083678272,0.12392388893947254
-0.4269269269269269,0.1335793626459292,0.5213463463463464,1.326806022739456,0.12377030591928531
-0.42592592592592593,0.13352194787379973,0.5212962962962963,1.3266632373113854,0.12361636722454135
-0.42492492492492495,0.13346443290136986,0.5212462462462463,1.3265205520836152,0.12346207212641663
-0.4239239239239239,0.13340681772863955,0.5211961961961962,1.326377967056145,0.12330741989304511
-0.42292292292292294,0.13334910235560885,0.5211461461461462,1.3262354822289757,0.12315240978950587
-0.4219219219219219,0.13329128678227778,0.5210960960960961,1.3260930976021066,0.1229970410778119
-0.4209209209209209,0.1332333710086463,0.5210460460460461,1.325950813175538,0.12284131301689634
-0.41991991991991995,0.1331753550347144,0.520995995995996,1.3258086289492694,0.12268522486260194
-0.4189189189189189,0.1331172388604821,0.5209459459459459,1.3256665449233016,0.1225287758676677
-0.41791791791791794,0.13305902248594942,0.5208958958958959,1.325524561097634,0.1223719652817164
-0.4169169169169169,0.13300070591111635,0.5208458458458458,1.325382677472267,0.12221479235124333
-0.4159159159159159,0.13294228913598283,0.5207957957957958,1.3252408940472002,0.12205725631960168
-0.41491491491491495,0.13288377216054895,0.5207457457457457,1.325099210822434,0.12189935642699262
-0.4139139139139139,0.13282515498481465,0.5206956956956957,1.3249576277979682,0.12174109191045002
-0.41291291291291293,0.13276643760877996,0.5206456456456456,1.3248161449738025,0.12158246200382923
-0.4119119119119119,0.13270762003244485,0.5205955955955957,1.3246747623499375,0.1214234659377941
-0.4109109109109109,0.13264870225580938,0.5205455455455456,1.3245334799263728,0.12126410293980401
-0.40990990990990994,0.13258968427887347,0.5204954954954955,1.3243922977031084,0.12110437223410014
-0.4089089089089089,0.1325305661016372,0.5204454454454455,1.3242512156801445,0.12094427304169404
-0.4079079079079079,0.1324713477241005,0.5203953953953954,1.324110233857481,0.12078380458035332
-0.4069069069069069,0.1324120291462634,0.5203453453453454,1.323969352235118,0.12062296606458833
-0.4059059059059059,0.13235261036812587,0.5202952952952953,1.3238285708130553,0.12046175670564035
-0.40490490490490494,0.132293091389688,0.5202452452452453,1.323687889591293,0.12030017571146666
-0.4039039039039039,0.1322334722109497,0.5201951951951952,1.323547308569831,0.12013822228672817
-0.40290290290290287,0.13217375283191102,0.5201451451451451,1.3234068277486695,0.1199758956327755
-0.4019019019019019,0.1321139332525719,0.5200950950950951,1.3232664471278084,0.11981319494763545
-0.4009009009009009,0.1320540134729324,0.520045045045045,1.3231261667072476,0.1196501194259982
-0.39989989989989994,0.1319939934929925,0.519994994994995,1.3229859864869875,0.11948666825920232
-0.3988988988988989,0.1319338733127522,0.5199449449449449,1.3228459064670275,0.11932284063522199
-0.39789789789789787,0.13187365293221148,0.5198948948948949,1.322705926647368,0.11915863573865276
-0.3968968968968969,0.1318133323513704,0.5198448448448448,1.322566047028009,0.1189940527506983
-0.3958958958958959,0.13175291157022892,0.5197947947947948,1.3224262676089502,0.11882909084915472
-0.3948948948948949,0.13169239058878698,0.5197447447447447,1.322286588390192,0.1186637492083989
-0.3938938938938939,0.13163176940704469,0.5196946946946946,1.322147009371734,0.11849802699937256
-0.39289289289289286,0.131571048025002,0.5196446446446447,1.3220075305535766,0.11833192338956842
-0.3918918918918919,0.1315102264426589,0.5195945945945946,1.3218681519357194,0.11816543754301662
-0.3908908908908909,0.13144930466001536,0.5195445445445446,1.3217288735181627,0.11799856862026932
-0.3898898898898899,0.13138828267707145,0.5194944944944945,1.3215896953009063,0.11783131577838724
-0.3888888888888889,0.13132716049382717,0.5194444444444445,1.3214506172839506,0.1176636781709246
-0.38788788788788786,0.13126593811028248,0.5193943943943944,1.321311639467295,0.11749565494791403
-0.3868868868868869,0.13120461552643736,0.5193443443443444,1.3211727618509401,0.11732724525585292
-0.3858858858858859,0.13114319274229186,0.5192942942942943,1.3210339844348853,0.117158448237688
-0.38488488488488487,0.13108166975784594,0.5192442442442442,1.320895307219131,0.11698926303280084
-0.3838838838838839,0.13102004657309965,0.5191941941941942,1.3207567302036771,0.11681968877699199
-0.38288288288288286,0.13095832318805292,0.5191441441441441,1.3206182533885236,0.11664972460246759
-0.3818818818818819,0.13089649960270583,0.5190940940940941,1.3204798767736705,0.11647936963782257
-0.3808808808808809,0.1308345758170583,0.519044044044044,1.3203416003591177,0.11630862300802676
-0.37987987987987987,0.13077255183111042,0.518993993993994,1.3202034241448657,0.11613748383440879
-0.3788788788788789,0.13071042764486207,0.5189439439439439,1.3200653481309137,0.11596595123464085
-0.37787787787787785,0.1306482032583134,0.5188938938938938,1.319927372317262,0.1157940243227241
-0.3768768768768769,0.13058587867146426,0.5188438438438439,1.319789496703911,0.11562170220897149
-0.3758758758758759,0.13052345388431474,0.5187937937937938,1.3196517212908603,0.11544898399999388
-0.37487487487487486,0.13046092889686484,0.5187437437437438,1.31951404607811,0.11527586879868315
-0.3738738738738739,0.13039830370911454,0.5186936936936937,1.3193764710656601,0.11510235570419712
-0.37287287287287285,0.1303355783210638,0.5186436436436437,1.3192389962535107,0.11492844381194277
-0.3718718718718719,0.13027275273271272,0.5185935935935936,1.3191016216416616,0.11475413221356173
-0.3708708708708709,0.1302098269440612,0.5185435435435436,1.318964347230113,0.11457941999691253
-0.36986986986986986,0.13014680095510928,0.5184934934934935,1.3188271730188645,0.11440430624605567
-0.3688688688688689,0.13008367476585694,0.5184434434434434,1.3186900990079167,0.11422879004123693
-0.36786786786786785,0.13002044837630425,0.5183933933933934,1.3185531251972693,0.11405287045887116
-0.36686686686686687,0.12995712178645114,0.5183433433433433,1.318416251586922,0.11387654657152534
-0.3658658658658659,0.1298936949962976,0.5182932932932933,1.3182794781768756,0.11369981744790297
-0.36486486486486486,0.12983016800584368,0.5182432432432432,1.318142804967129,0.11352268215282679
-0.3638638638638639,0.12976654081508937,0.5181931931931932,1.3180062319576833,0.11334513974722223
-0.36286286286286284,0.12970281342403467,0.5181431431431431,1.3178697591485378,0.11316718928810099
-0.36186186186186187,0.12963898583267952,0.5180930930930931,1.317733386539693,0.11298882982854304
-0.3608608608608609,0.12957505804102404,0.518043043043043,1.317597114131148,0.11281006041768125
-0.35985985985985985,0.12951103004906808,0.517992992992993,1.3174609419229037,0.11263088010068288
-0.3588588588588588,0.1294469018568118,0.517942942942943,1.31732486991496,0.11245128791873321
-0.35785785785785784,0.12938267346425505,0.5178928928928929,1.3171888981073163,0.11227128290901787
-0.35685685685685686,0.12931834487139793,0.5178428428428429,1.3170530264999734,0.11209086410470573
-0.3558558558558559,0.1292539160782404,0.5177927927927928,1.3169172550929307,0.11191003053493134
-0.35485485485485485,0.1291893870847825,0.5177427427427428,1.3167815838861885,0.11172878122477732
-0.3538538538538538,0.12912475789102415,0.5176926926926927,1.3166460128797466,0.11154711519525647
-0.35285285285285284,0.12906002849696546,0.5176426426426426,1.316510542073605,0.11136503146329445
-0.35185185185185186,0.1289951989026063,0.5175925925925926,1.316375171467764,0.1111825290417115
-0.3508508508508509,0.1289302691079468,0.5175425425425425,1.3162399010622232,0.11099960693920484
-0.34984984984984985,0.12886523911298686,0.5174924924924925,1.316104730856983,0.11081626416033004
-0.3488488488488488,0.12880010891772656,0.5174424424424424,1.315969660852043,0.11063249970548386
-0.34784784784784784,0.1287348785221658,0.5173923923923924,1.3158346910474037,0.11044831257088408
-0.34684684684684686,0.1286695479263047,0.5173423423423423,1.3156998214430646,0.11026370174855371
-0.3458458458458459,0.1286041171301432,0.5172922922922923,1.315565052039026,0.1100786662263002
-0.34484484484484484,0.12853858613368124,0.5172422422422422,1.3154303828352876,0.10989320498769778
-0.3438438438438438,0.1284729549369189,0.5171921921921921,1.3152958138318498,0.10970731701206926
-0.34284284284284283,0.12840722353985617,0.5171421421421422,1.3151613450287123,0.10952100127446576
-0.34184184184184185,0.12834139194249305,0.5170920920920921,1.315026976425875,0.10933425674564977
-0.3408408408408409,0.12827546014482952,0.5170420420420421,1.3148927080233386,0.10914708239207416
-0.33983983983983984,0.1282094281468656,0.516991991991992,1.3147585398211024,0.10895947717586454
-0.3388388388388388,0.12814329594860127,0.516941941941942,1.3146244718191664,0.10877144005479869
-0.33783783783783783,0.12807706355003654,0.5168918918918919,1.314490504017531,0.10858296998228872
-0.33683683683683685,0.1280107309511714,0.5168418418418419,1.314356636416196,0.10839406590736003
-0.33583583583583587,0.12794429815200586,0.5167917917917918,1.3142228690151612,0.10820472677463311
-0.33483483483483484,0.12787776515253993,0.5167417417417417,1.3140892018144268,0.10801495152430292
-0.3338338338338338,0.1278111319527736,0.5166916916916917,1.3139556348139931,0.10782473909211916
-0.3328328328328328,0.12774439855270686,0.5166416416416416,1.3138221680138595,0.10763408840936704
-0.33183183183183185,0.12767756495233976,0.5165915915915916,1.3136888014140267,0.10744299840284627
-0.33083083083083087,0.1276106311516722,0.5165415415415415,1.3135555350144938,0.1072514679948517
-0.32982982982982983,0.12754359715070426,0.5164914914914915,1.3134223688152618,0.10705949610315263
-0.3288288288288288,0.12747646294943593,0.5164414414414414,1.3132893028163297,0.10686708164097275
-0.3278278278278278,0.1274092285478672,0.5163913913913913,1.3131563370176982,0.10667422351696915
-0.32682682682682684,0.12734189394599804,0.5163413413413414,1.3130234714193671,0.10648092063521189
-0.32582582582582587,0.12727445914382854,0.5162912912912913,1.3128907060213364,0.1062871718951639
-0.32482482482482483,0.12720692414135856,0.5162412412412413,1.3127580408236064,0.10609297619165883
-0.3238238238238238,0.12713928893858825,0.5161911911911912,1.3126254758261764,0.1058983324148814
-0.3228228228228228,0.1270715535355175,0.5161411411411412,1.3124930110290471,0.10570323945034517
-0.32182182182182184,0.12700371793214638,0.5160910910910911,1.312360646432218,0.1055076961788723
-0.32082082082082086,0.12693578212847484,0.5160410410410411,1.3122283820356893,0.10531170147657117
-0.31981981981981983,0.12686774612450288,0.515990990990991,1.312096217839461,0.10511525421481611
-0.3188188188188188,0.12679960992023054,0.5159409409409409,1.3119641538435332,0.1049183532602247
-0.3178178178178178,0.1267313735156578,0.5158908908908909,1.3118321900479057,0.10472099747463633
-0.31681681681681684,0.12666303691078468,0.5158408408408408,1.3117003264525786,0.10452318571509106
-0.3158158158158158,0.12659460010561113,0.5157907907907908,1.311568563057552,0.10432491683380639
-0.3148148148148148,0.12652606310013717,0.5157407407407407,1.3114368998628256,0.10412618967815651
-0.3138138138138138,0.12645742589436285,0.5156906906906907,1.3113053368684,0.10392700309064891
-0.3128128128128128,0.1263886884882881,0.5156406406406406,1.3111738740742744,0.10372735590890265
-0.31181181181181183,0.12631985088191294,0.5155905905905906,1.3110425114804494,0.10352724696562553
-0.3108108108108108,0.1262509130752374,0.5155405405405405,1.3109112490869246,0.103326675088592
-0.3098098098098098,0.12618187506826145,0.5154904904904904,1.3107800868937003,0.10312563910061981
-0.3088088088088088,0.12611273686098512,0.5154404404404405,1.3106490249007765,0.10292413781954704
-0.3078078078078078,0.12604349845340837,0.5153903903903904,1.310518063108153,0.10272217005820955
-0.30680680680680683,0.12597415984553123,0.5153403403403404,1.3103872015158302,0.10251973462441777
-0.3058058058058058,0.12590472103735367,0.5152902902902903,1.3102564401238073,0.1023168303209328
-0.3048048048048048,0.12583518202887575,0.5152402402402403,1.3101257789320853,0.10211345594544402
-0.3038038038038038,0.1257655428200974,0.5151901901901902,1.3099952179406633,0.10190961029054409
-0.3028028028028028,0.12569580341101863,0.5151401401401401,1.3098647571495416,0.1017052921437065
-0.30180180180180183,0.12562596380163948,0.5150900900900901,1.309734396558721,0.1015005002872612
-0.3008008008008008,0.12555602399195995,0.51504004004004,1.3096041361682,0.10129523349837061
-0.2997997997997998,0.12548598398197996,0.51498998998999,1.3094739759779799,0.10108949054900505
-0.2987987987987988,0.12541584377169965,0.5149399399399399,1.30934391598806,0.10088327020591975
-0.2977977977977978,0.12534560336111888,0.5148898898898899,1.3092139561984406,0.10067657123062866
-0.2967967967967968,0.12527526275023773,0.5148398398398398,1.3090840966091215,0.10046939237938135
-0.2957957957957958,0.12520482193905616,0.5147897897897898,1.308954337220103,0.10026173240313724
-0.29479479479479476,0.12513428092757423,0.5147397397397397,1.3088246780313846,0.10005359004754207
-0.2937937937937938,0.12506363971579187,0.5146896896896896,1.3086951190429668,0.09984496405290084
-0.2927927927927928,0.12499289830370913,0.5146396396396397,1.3085656602548494,0.09963585315415449
-0.2917917917917918,0.12492205669132599,0.5145895895895896,1.3084363016670322,0.09942625608085383
-0.2907907907907908,0.12485111487864242,0.5145395395395396,1.3083070432795156,0.09921617155713412
-0.28978978978978975,0.12478007286565845,0.5144894894894895,1.3081778850922994,0.09900559830168953
-0.2887887887887888,0.12470893065237411,0.5144394394394395,1.3080488271053836,0.09879453502774736
-0.2877877877877878,0.12463768823878936,0.5143893893893894,1.3079198693187681,0.09858298044304191
-0.2867867867867868,0.12456634562490419,0.5143393393393394,1.3077910117324532,0.09837093324978854
-0.2857857857857858,0.12449490281071862,0.5142892892892893,1.3076622543464385,0.09815839214465774
-0.28478478478478475,0.12442335979623267,0.5142392392392392,1.307533597160724,0.09794535581874833
-0.28378378378378377,0.12435171658144634,0.5141891891891892,1.3074050401753103,0.09773182295756087
-0.2827827827827828,0.12427997316635955,0.5141391391391391,1.307276583390197,0.09751779224097135
-0.2817817817817818,0.12420812955097241,0.5140890890890891,1.307148226805384,0.09730326234320384
-0.2807807807807808,0.12413618573528484,0.514039039039039,1.3070199704208711,0.09708823193280391
-0.27977977977977975,0.12406414171929689,0.513988988988989,1.306891814236659,0.09687269967261135
-0.27877877877877877,0.12399199750300852,0.5139389389389389,1.3067637582527472,0.09665666421973224
-0.2777777777777778,0.12391975308641977,0.5138888888888888,1.3066358024691356,0.0964401242255124
-0.2767767767767768,0.1238474084695306,0.5138388388388389,1.3065079468858247,0.09622307833550857
-0.2757757757757758,0.12377496365234104,0.5137887887887888,1.306380191502814,0.09600552518946169
-0.27477477477477474,0.12370241863485107,0.5137387387387388,1.3062525363201039,0.09578746342126801
-0.27377377377377377,0.12362977341706072,0.5136886886886887,1.3061249813376938,0.0955688916589515
-0.2727727727727728,0.12355702799896995,0.5136386386386387,1.3059975265555845,0.09534980852463484
-0.2717717717717718,0.12348418238057879,0.5135885885885886,1.3058701719737755,0.09513021263451185
-0.2707707707707708,0.12341123656188721,0.5135385385385386,1.305742917592267,0.09491010259881714
-0.26976976976976974,0.12333819054289526,0.5134884884884885,1.3056157634110586,0.09468947702179947
-0.26876876876876876,0.12326504432360288,0.5134384384384384,1.3054887094301506,0.09446833450169062
-0.2677677677677678,0.12319179790401012,0.5133883883883884,1.3053617556495434,0.09424667363067735
-0.2667667667667668,0.12311845128411697,0.5133383383383383,1.3052349020692362,0.0940244929948718
-0.26576576576576577,0.1230450044639234,0.5132882882882883,1.3051081486892298,0.09380179117428122
-0.26476476476476474,0.12297145744342941,0.5132382382382382,1.3049814955095234,0.09357856674277915
-0.26376376376376376,0.12289781022263506,0.5131881881881882,1.3048549425301177,0.09335481826807489
-0.2627627627627628,0.1228240628015403,0.5131381381381381,1.304728489751012,0.09313054431168366
-0.2617617617617618,0.12275021518014512,0.5130880880880881,1.3046021371722072,0.09290574342889579
-0.26076076076076077,0.12267626735844954,0.513038038038038,1.3044758847937026,0.09268041416874695
-0.25975975975975973,0.12260221933645359,0.512987987987988,1.3043497326154982,0.09245455507398673
-0.25875875875875876,0.12252807111415723,0.512937937937938,1.3042236806375944,0.09222816468104789
-0.2577577577577578,0.12245382269156044,0.5128878878878879,1.304097728859991,0.09200124152001604
-0.2567567567567568,0.12237947406866327,0.5128378378378379,1.303971877282688,0.09177378411459723
-0.25575575575575576,0.12230502524546569,0.5127877877877878,1.3038461259056853,0.09154579098208747
-0.25475475475475473,0.12223047622196774,0.5127377377377378,1.3037204747289832,0.09131726063334052
-0.25375375375375375,0.12215582699816935,0.5126876876876877,1.3035949237525812,0.09108819157273595
-0.2527527527527528,0.12208107757407058,0.5126376376376376,1.3034694729764797,0.09085858229814764
-0.25175175175175174,0.12200622794967139,0.5125875875875876,1.303344122400679,0.09062843130091124
-0.25075075075075076,0.12193127812497184,0.5125375375375375,1.3032188720251783,0.09039773706579153
-0.24974974974974973,0.12185622809997185,0.5124874874874875,1.303093721849978,0.09016649807094997
-0.24874874874874875,0.12178107787467148,0.5124374374374374,1.3029686718750781,0.08993471278791221
-0.24774774774774777,0.1217058274490707,0.5123873873873874,1.302843722100479,0.08970237968153434
-0.24674674674674674,0.12163047682316952,0.5123373373373373,1.3027188725261798,0.08946949720997016
-0.24574574574574576,0.12155502599696794,0.5122872872872873,1.3025941231521811,0.08923606382463732
-0.24474474474474472,0.12147947497046596,0.5122372372372372,1.302469473978483,0.08900207797018461
-0.24374374374374375,0.12140382374366358,0.5121871871871871,1.302344925005085,0.08876753808445646
-0.24274274274274277,0.12132807231656081,0.5121371371371372,1.3022204762319878,0.08853244259846056
-0.24174174174174173,0.12125222068915763,0.5120870870870871,1.3020961276591905,0.08829678993633197
-0.24074074074074076,0.12117626886145406,0.5120370370370371,1.3019718792866941,0.08806057851530023
-0.23973973973973972,0.12110021683345007,0.511986986986987,1.3018477311144978,0.08782380674565343
-0.23873873873873874,0.1210240646051457,0.511936936936937,1.301723683142602,0.08758647303070353
-0.23773773773773776,0.12094781217654091,0.5118868868868869,1.3015997353710065,0.08734857576675169
-0.23673673673673673,0.12087145954763573,0.5118368368368368,1.3014758877997115,0.0871101133430524
-0.23573573573573575,0.12079500671843015,0.5117867867867868,1.301352140428717,0.08687108414177756
-0.23473473473473472,0.12071845368892417,0.5117367367367367,1.3012284932580227,0.08663148653798203
-0.23373373373373374,0.12064180045911778,0.5116866866866867,1.301104946287629,0.08639131889956575
-0.23273273273273276,0.120565047029011,0.5116366366366366,1.3009814995175355,0.08615057958723896
-0.23173173173173173,0.12048819339860381,0.5115865865865866,1.3008581529477425,0.08590926695448467
-0.23073073073073075,0.12041123956789623,0.5115365365365365,1.3007349065782499,0.08566737934752303
-0.22972972972972971,0.12033418553688825,0.5114864864864865,1.3006117604090577,0.08542491510527261
-0.22872872872872874,0.12025703130557985,0.5114364364364364,1.3004887144401658,0.08518187255931542
-0.22772772772772776,0.12017977687397108,0.5113863863863863,1.3003657686715744,0.0849382500338578
-0.22672672672672672,0.12010242224206188,0.5113363363363364,1.3002429231032835,0.08469404584569294
-0.22572572572572575,0.1200249674098523,0.5112862862862863,1.3001201777352926,0.08444925830416415
-0.2247247247247247,0.11994741237734231,0.5112362362362363,1.2999975325676025,0.08420388571112519
-0.22372372372372373,0.11986975714453192,0.5111861861861862,1.2998749876002127,0.08395792636090303
-0.2227227227227227,0.11979200171142114,0.5111361361361362,1.2997525428331234,0.08371137854025834
-0.22172172172172172,0.11971414607800994,0.5110860860860861,1.2996301982663343,0.0834642405283475
-0.22072072072072074,0.11963619024429835,0.5110360360360361,1.2995079538998457,0.08321651059668254
-0.2197197197197197,0.11955813421028637,0.510985985985986,1.2993858097336575,0.08296818700909273
-0.21871871871871873,0.11947997797597397,0.5109359359359359,1.2992637657677697,0.08271926802168404
-0.2177177177177177,0.11940172154136118,0.5108858858858859,1.2991418220021822,0.08246975188279962
-0.21671671671671672,0.11932336490644799,0.5108358358358358,1.2990199784368952,0.08221963683298023
-0.21571571571571574,0.1192449080712344,0.5107857857857858,1.2988982350719087,0.081968921104923
-0.2147147147147147,0.1191663510357204,0.5107357357357357,1.2987765919072225,0.08171760292344121
-0.21371371371371373,0.11908769379990602,0.5106856856856857,1.2986550489428368,0.08146568050542316
-0.2127127127127127,0.11900893636379122,0.5106356356356356,1.2985336061787511,0.08121315205979124
-0.21171171171171171,0.11893007872737604,0.5105855855855855,1.2984122636149662,0.08096001578746082
-0.21071071071071074,0.11885112089066044,0.5105355355355355,1.2982910212514815,0.08070626988129713
-0.2097097097097097,0.11877206285364444,0.5104854854854854,1.2981698790882974,0.08045191252607556
-0.20870870870870872,0.11869290461632805,0.5104354354354355,1.2980488371254137,0.08019694189843705
-0.2077077077077077,0.11861364617871126,0.5103853853853854,1.2979278953628302,0.07994135616684739
-0.2067067067067067,0.11853428754079405,0.5103353353353354,1.2978070538005473,0.07968515349155335
-0.20570570570570573,0.11845482870257645,0.5102852852852853,1.2976863124385645,0.07942833202454046
-0.2047047047047047,0.11837526966405847,0.5102352352352353,1.2975656712768826,0.07917088990948883
-0.20370370370370372,0.11829561042524006,0.5101851851851852,1.2974451303155006,0.07891282528173012
-0.2027027027027027,0.11821585098612127,0.5101351351351351,1.297324689554419,0.07865413626820326
-0.2017017017017017,0.11813599134670207,0.5100850850850851,1.2972043489936382,0.07839482098741063
-0.20070070070070073,0.11805603150698246,0.510035035035035,1.2970841086331575,0.07813487754937345
-0.1996996996996997,0.11797597146696247,0.509984984984985,1.2969639684729775,0.07787430405558693
-0.19869869869869872,0.11789581122664206,0.5099349349349349,1.2968439285130975,0.07761309859897532
-0.19769769769769768,0.11781555078602127,0.5098848848848849,1.2967239887535182,0.07735125926384656
-0.1966966966966967,0.11773519014510006,0.5098348348348348,1.2966041491942393,0.07708878412584658
-0.19569569569569567,0.11765472930387846,0.5097847847847847,1.2964844098352606,0.07682567125191336
-0.1946946946946947,0.11757416826235645,0.5097347347347347,1.2963647706765824,0.07656191870023062
-0.1936936936936937,0.11749350702053404,0.5096846846846846,1.2962452317182045,0.07629752452018197
-0.19269269269269268,0.11741274557841125,0.5096346346346347,1.2961257929601273,0.07603248675230292
-0.1916916916916917,0.11733188393598804,0.5095845845845846,1.2960064544023502,0.07576680342823457
-0.19069069069069067,0.11725092209326443,0.5095345345345346,1.2958872160448738,0.07550047257067592
-0.1896896896896897,0.11716986005024044,0.5094844844844845,1.2957680778876974,0.07523349219333611
-0.1886886886886887,0.11708869780691604,0.5094344344344345,1.2956490399308218,0.07496586030088608
-0.18768768768768768,0.11700743536329122,0.5093843843843844,1.2955301021742462,0.07469757488891071
-0.1866866866866867,0.11692607271936603,0.5093343343343343,1.2954112646179712,0.07442863394385997
-0.18568568568568566,0.1168446098751404,0.5092842842842843,1.2952925272619966,0.07415903544299898
-0.18468468468468469,0.1167630468306144,0.5092342342342342,1.2951738901063223,0.07388877735436053
-0.1836836836836837,0.116681383585788,0.5091841841841842,1.2950553531509488,0.07361785763669336
-0.18268268268268267,0.11659962014066119,0.5091341341341341,1.2949369163958753,0.07334627423941358
-0.1816816816816817,0.11651775649523398,0.5090840840840841,1.2948185798411023,0.07307402510255337
-0.18068068068068066,0.11643579264950638,0.509034034034034,1.2947003434866298,0.07280110815671144
-0.17967967967967968,0.11635372860347837,0.508983983983984,1.2945822073324575,0.07252752132300051
-0.1786786786786787,0.11627156435714996,0.5089339339339339,1.2944641713785856,0.07225326251299746
-0.17767767767767767,0.11618929991052114,0.5088838838838838,1.2943462356250142,0.07197832962869076
-0.1766766766766767,0.11610693526359192,0.5088338338338338,1.2942284000717434,0.07170272056242846
-0.17567567567567566,0.11602447041636231,0.5087837837837837,1.2941106647187726,0.07142643319686615
-0.17467467467467468,0.1159419053688323,0.5087337337337338,1.2939930295661026,0.07114946540491421
-0.1736736736736737,0.11585924012100189,0.5086836836836837,1.2938754946137327,0.07087181504968446
-0.17267267267267267,0.11577647467287107,0.5086336336336337,1.2937580598616634,0.07059347998443677
-0.1716716716716717,0.11569360902443986,0.5085835835835836,1.2936407253098943,0.07031445805252581
-0.17067067067067065,0.11561064317570824,0.5085335335335335,1.2935234909584257,0.07003474708734601
-0.16966966966966968,0.11552757712667623,0.5084834834834835,1.2934063568072576,0.06975434491227742
-0.1686686686686687,0.1154444108773438,0.5084334334334334,1.2932893228563898,0.06947324934063151
-0.16766766766766766,0.11536114442771099,0.5083833833833834,1.2931723891058224,0.06919145817559472
-0.16666666666666669,0.11527777777777778,0.5083333333333333,1.2930555555555554,0.06890896921017405
-0.16566566566566565,0.11519431092754416,0.5082832832832833,1.2929388222055889,0.06862578022713972
-0.16466466466466467,0.11511074387701015,0.5082332332332332,1.2928221890559226,0.06834188899897047
-0.1636636636636637,0.11502707662617574,0.5081831831831832,1.292705656106557,0.06805729328779524
-0.16266266266266266,0.1149433091750409,0.5081331331331331,1.2925892233574916,0.06777199084533674
-0.16166166166166168,0.11485944152360571,0.508083083083083,1.2924728908087264,0.06748597941285439
-0.16066066066066065,0.11477547367187006,0.508033033033033,1.292356658460262,0.06719925672108502
-0.15965965965965967,0.11469140561983406,0.507982982982983,1.2922405263120977,0.06691182049018689
-0.15865865865865864,0.11460723736749763,0.507932932932933,1.292124494364234,0.06662366842967807
-0.15765765765765766,0.11452296891486081,0.5078828828828829,1.2920085626166706,0.0663347982383801
-0.15665665665665668,0.1144386002619236,0.5078328328328329,1.2918927310694077,0.06604520760435638
-0.15565565565565564,0.11435413140868597,0.5077827827827828,1.291776999722445,0.06575489420485373
-0.15465465465465467,0.11426956235514794,0.5077327327327328,1.291661368575783,0.06546385570624125
-0.15365365365365363,0.11418489310130953,0.5076826826826827,1.291545837629421,0.06517208976395006
-0.15265265265265265,0.1141001236471707,0.5076326326326326,1.2914304068833597,0.06487959402241215
-0.15165165165165168,0.11401525399273148,0.5075825825825826,1.291315076337599,0.06458636611499813
-0.15065065065065064,0.11393028413799185,0.5075325325325325,1.291199845992138,0.06429240366395632
-0.14964964964964966,0.11384521408295183,0.5074824824824825,1.291084715846978,0.06399770428034986
-0.14864864864864863,0.1137600438276114,0.5074324324324324,1.2909696859021182,0.0637022655639937
-0.14764764764764765,0.11367477337197057,0.5073823823823824,1.290854756157559,0.06340608510339152
-0.14664664664664667,0.11358940271602935,0.5073323323323323,1.2907399266133,0.06310916047567261
-0.14564564564564564,0.11350393185978772,0.5072822822822822,1.2906251972693412,0.06281148924652653
-0.14464464464464466,0.11341836080324569,0.5072322322322322,1.2905105681256832,0.06251306897013978
-0.14364364364364363,0.11333268954640327,0.5071821821821821,1.2903960391823253,0.06221389718913004
-0.14264264264264265,0.11324691808926043,0.5071321321321322,1.290281610439268,0.06191397143448079
-0.14164164164164167,0.11316104643181721,0.507082082082082,1.290167281896511,0.061613289225476375
-0.14064064064064064,0.11307507457407358,0.5070320320320321,1.2900530535540546,0.061311848069633794
-0.13963963963963966,0.11298900251602954,0.506981981981982,1.2899389254118983,0.06100964546263752
-0.13863863863863862,0.11290283025768512,0.506931931931932,1.2898248974700426,0.06070667888827189
-0.13763763763763764,0.11281655779904028,0.5068818818818819,1.2897109697284872,0.06040294581835246
-0.13663663663663667,0.11273018514009506,0.5068318318318318,1.289597142187232,0.06009844371265896
-0.13563563563563563,0.11264371228084942,0.5067817817817818,1.2894834148462777,0.05979317001886564
-0.13463463463463465,0.11255713922130339,0.5067317317317317,1.2893697877056234,0.05948712217247332
-0.13363363363363362,0.11247046596145695,0.5066816816816817,1.2892562607652698,0.05918029759673802
-0.13263263263263264,0.11238369250131013,0.5066316316316316,1.2891428340252162,0.05887269370260251
-0.1316316316316316,0.11229681884086289,0.5065815815815816,1.2890295074854634,0.058564307888624614
-0.13063063063063063,0.11220984498011526,0.5065315315315315,1.2889162811460109,0.0582551375409067
-0.12962962962962965,0.11212277091906722,0.5064814814814815,1.2888031550068588,0.05794518003302329
-0.12862862862862862,0.11203559665771878,0.5064314314314314,1.2886901290680068,0.057634432725950105
-0.12762762762762764,0.11194832219606995,0.5063813813813813,1.2885772033294554,0.057322892967990584
-0.1266266266266266,0.11186094753412072,0.5063313313313313,1.2884643777912046,0.05701055809470273
-0.12562562562562563,0.11177347267187109,0.5062812812812812,1.288351652453254,0.05669742542882599
-0.12462462462462465,0.11168589760932104,0.5062312312312313,1.288239027315604,0.0563834922802065
-0.12362362362362361,0.1115982223464706,0.5061811811811812,1.288126502378254,0.05606875594572305
-0.12262262262262263,0.11151044688331976,0.5061311311311312,1.2880140776412048,0.05575321370921156
-0.1216216216216216,0.11142257121986852,0.5060810810810811,1.2879017531044556,0.055436862841389004
-0.12062062062062062,0.11133459535611688,0.506031031031031,1.287789528768007,0.05511970059977758
-0.11961961961961964,0.11124651929206485,0.505980980980981,1.287677404631859,0.054801724228627884
-0.11861861861861861,0.11115834302771241,0.5059309309309309,1.2875653806960112,0.05448293095884136
-0.11761761761761763,0.11107006656305957,0.5058808808808809,1.2874534569604639,0.05416331800789216
-0.1166166166166166,0.11098168989810632,0.5058308308308308,1.2873416334252168,0.05384288257974959
-0.11561561561561562,0.11089321303285267,0.5057807807807808,1.2872299100902704,0.05352162186479781
-0.11461461461461464,0.11080463596729863,0.5057307307307307,1.2871182869556241,0.05319953303975753
-0.1136136136136136,0.11071595870144418,0.5056806806806807,1.2870067640212786,0.0528766132676048
-0.11261261261261263,0.11062718123528935,0.5056306306306306,1.286895341287233,0.052552859697490906
-0.1116116116116116,0.1105383035688341,0.5055805805805805,1.286784018753488,0.05222826946466102
-0.11061061061061062,0.11044932570207845,0.5055305305305305,1.2866727964200435,0.05190283969037193
-0.10960960960960964,0.11036024763502242,0.5054804804804804,1.2865616742868993,0.051576567481810276
-0.1086086086086086,0.11027106936766597,0.5054304304304305,1.2864506523540558,0.0512494499320086
-0.10760760760760762,0.11018179090000912,0.5053803803803804,1.2863397306215123,0.05092148411976263
-0.10660660660660659,0.11009241223205186,0.5053303303303304,1.2862289090892693,0.05059266710954616
-0.10560560560560561,0.11000293336379424,0.5052802802802803,1.286118187757327,0.050262995951427136
-0.10460460460460463,0.10991335429523619,0.5052302302302303,1.2860075666256847,0.04993246768098088
-0.1036036036036036,0.10982367502637774,0.5051801801801802,1.2858970456943428,0.04960107931920561
-0.10260260260260262,0.1097338955572189,0.5051301301301301,1.2857866249633014,0.04926882787243452
-0.10160160160160159,0.10964401588775964,0.5050800800800801,1.2856763044325605,0.04893571033224875
-0.10060060060060061,0.109554036018,0.50503003003003,1.28556608410212,0.04860172367538987
-0.09959959959959963,0.10946395594793994,0.50497997997998,1.28545596397198,0.04826686486367038
-0.0985985985985986,0.10937377567757949,0.5049299299299299,1.2853459440421402,0.04793113084388585
-0.09759759759759762,0.10928349520691864,0.5048798798798799,1.2852360243126009,0.0475945185477233
-0.09659659659659658,0.10919311453595738,0.5048298298298298,1.2851262047833618,0.0472570248916723
-0.0955955955955956,0.10910263366469573,0.5047797797797797,1.2850164854544233,0.04691864677693243
-0.09459459459459457,0.10901205259313368,0.5047297297297297,1.2849068663257852,0.04657938108932234
-0.0935935935935936,0.10892137132127122,0.5046796796796796,1.2847973473974472,0.04623922469918709
-0.09259259259259262,0.10883058984910837,0.5046296296296297,1.2846879286694102,0.045898174461304286
-0.09159159159159158,0.10873970817664512,0.5045795795795796,1.284578610141673,0.045556227214791
-0.0905905905905906,0.10864872630388146,0.5045295295295296,1.2844693918142367,0.045213379783008545
-0.08958958958958957,0.1085576442308174,0.5044794794794795,1.2843602736871005,0.04486962897346789
-0.08858858858858859,0.10846646195745295,0.5044294294294295,1.2842512557602648,0.04452497157773268
-0.08758758758758761,0.1083751794837881,0.5043793793793794,1.2841423380337293,0.04417940437132409
-0.08658658658658658,0.10828379680982284,0.5043293293293293,1.2840335205074942,0.043832924113621635
-0.0855855855855856,0.10819231393555719,0.5042792792792793,1.2839248031815598,0.04348552754776618
-0.08458458458458457,0.10810073086099112,0.5042292292292292,1.2838161860559256,0.04313721140056144
-0.08358358358358359,0.10800904758612466,0.5041791791791792,1.283707669130592,0.042787972382373154
-0.08258258258258261,0.10791726411095781,0.5041291291291291,1.2835992524055586,0.04243780718703016
-0.08158158158158157,0.10782538043549054,0.5040790790790791,1.2834909358808257,0.04208671249172191
-0.0805805805805806,0.1077333965597229,0.504029029029029,1.2833827195563932,0.04173468495689861
-0.07957957957957956,0.10764131248365483,0.503978978978979,1.283274603432261,0.041381721226166325
-0.07857857857857858,0.10754912820728638,0.5039289289289289,1.2831665875084293,0.04102781792618604
-0.0775775775775776,0.10745684373061752,0.5038788788788788,1.2830586717848977,0.04067297166656774
-0.07657657657657657,0.10736445905364825,0.5038288288288288,1.282950856261667,0.040317179039766594
-0.0755755755755756,0.10727197417637858,0.5037787787787787,1.2828431409387364,0.039960436620977105
-0.07457457457457456,0.10717938909880853,0.5037287287287288,1.2827355258161064,0.03960274096802659
-0.07357357357357358,0.10708670382093806,0.5036786786786787,1.2826280108937764,0.039244088621267985
-0.0725725725725726,0.1069939183427672,0.5036286286286287,1.2825205961717474,0.03888447610347212
-0.07157157157157157,0.10690103266429593,0.5035785785785786,1.2824132816500182,0.038523899919718475
-0.07057057057057059,0.10680804678552427,0.5035285285285285,1.2823060673285898,0.038162356557285816
-0.06956956956956956,0.1067149607064522,0.5034784784784785,1.2821989532074616,0.037799842485541205
-0.06856856856856858,0.10662177442707974,0.5034284284284284,1.282091939286634,0.037436354155830465
-0.06756756756756754,0.10652848794740687,0.5033783783783784,1.2819850255661065,0.037071888001363275
-0.06656656656656657,0.10643510126743361,0.5033283283283283,1.2818782120458796,0.0367064404371031
-0.06556556556556559,0.10634161438715994,0.5032782782782783,1.2817714987259532,0.03634000785965066
-0.06456456456456455,0.10624802730658586,0.5032282282282282,1.2816648856063269,0.03597258664713152
-0.06356356356356357,0.1061543400257114,0.5031781781781782,1.2815583726870012,0.03560417315907945
-0.06256256256256254,0.10606055254453653,0.5031281281281281,1.281451959967976,0.03523476373632013
-0.06156156156156156,0.10596666486306126,0.503078078078078,1.2813456474492508,0.03486435470085363
-0.06056056056056058,0.1058726769812856,0.503028028028028,1.2812394351308265,0.034492942355736654
-0.05955955955955955,0.10577858889920952,0.5029779779779779,1.2811333230127022,0.034120522984963486
-0.05855855855855857,0.10568440061683305,0.502927927927928,1.2810273110948787,0.03374709285334534
-0.05755755755755754,0.10559011213415617,0.5028778778778779,1.2809213993773552,0.03337264820639039
-0.05655655655655656,0.10549572345117891,0.5028278278278279,1.2808155878601324,0.03299718527018101
-0.05555555555555558,0.10540123456790125,0.5027777777777778,1.2807098765432097,0.032620700251251744
-0.054554554554554546,0.10530664548432316,0.5027277277277278,1.2806042654265877,0.03224318933646488
-0.05355355355355357,0.1052119562004447,0.5026776776776777,1.280498754510266,0.031864648692887076
-0.052552552552552534,0.10511716671626581,0.5026276276276276,1.2803933437942445,0.0314850744676618
-0.051551551551551555,0.10502227703178656,0.5025775775775776,1.2802880332785238,0.03110446278788457
-0.05055055055055058,0.10492728714700687,0.5025275275275275,1.2801828229631032,0.030722809760474503
-0.04954954954954954,0.1048321970619268,0.5024774774774775,1.280077712847983,0.030340111472045808
-0.048548548548548565,0.10473700677654632,0.5024274274274274,1.2799727029331633,0.02995636398877917
-0.04754754754754753,0.10464171629086545,0.5023773773773774,1.279867793218644,0.029571563356289323
-0.04654654654654655,0.10454632560488417,0.5023273273273273,1.279762983704425,0.029185705599495917
-0.045545545545545574,0.10445083471860249,0.5022772772772772,1.2796582743905065,0.028798786722488947
-0.04454454454454454,0.10435524363202042,0.5022272272272272,1.2795536652768884,0.028410802708396424
-0.04354354354354356,0.10425955234513794,0.5021771771771771,1.2794491563635706,0.028021749519249274
-0.04254254254254253,0.10416376085795506,0.5021271271271271,1.2793447476505535,0.027631623095845728
-0.04154154154154155,0.10406786917047178,0.502077077077077,1.2792404391378365,0.027240419357614967
-0.04054054054054057,0.1039718772826881,0.5020270270270271,1.27913623082542,0.02684813420247849
-0.03953953953953954,0.10387578519460403,0.501976976976977,1.2790321227133037,0.026454763506712633
-0.03853853853853856,0.10377959290621953,0.501926926926927,1.2789281148014882,0.02606030312480705
-0.037537537537537524,0.10368330041753465,0.5018768768768769,1.2788242070899727,0.02566474888932531
-0.036536536536536546,0.10358690772854938,0.5018268268268268,1.2787203995787577,0.025268096610761504
-0.03553553553553557,0.10349041483926369,0.5017767767767768,1.2786166922678432,0.02487034207739729
-0.03453453453453453,0.10339382174967761,0.5017267267267267,1.278513085157229,0.024471481055158506
-0.033533533533533555,0.10329712845979112,0.5016766766766767,1.2784095782469156,0.02407150928746811
-0.03253253253253252,0.10320033496960423,0.5016266266266266,1.2783061715369022,0.023670422495100762
-0.03153153153153154,0.10310344127911696,0.5015765765765766,1.2782028650271893,0.023268216376034535
-0.03053053053053051,0.10300644738832927,0.5015265265265265,1.2780996587177766,0.022864886605302018
-0.02952952952952953,0.10290935329724119,0.5014764764764765,1.2779965526086647,0.02246042883484032
-0.02852852852852855,0.10281215900585271,0.5014264264264264,1.277893546699853,0.022054838693339462
-0.027527527527527518,0.10271486451416381,0.5013763763763763,1.2777906409913415,0.021648111786090142
-0.02652652652652654,0.10261746982217454,0.5013263263263263,1.2776878354831307,0.02124024369482971
-0.025525525525525505,0.10251997492988484,0.5012762762762762,1.2775851301752201,0.02083122997758782
-0.024524524524524527,0.10242237983729477,0.5012262262262263,1.27748252506761,0.02042106616852939
-0.02352352352352355,0.10232468454440427,0.5011761761761762,1.2773800201603003,0.020009747777798115
-0.022522522522522515,0.10222688905121338,0.5011261261261262,1.2772776154532912,0.01959727029135676
-0.021521521521521536,0.10212899335772209,0.5010760760760761,1.2771753109465822,0.019183629170828456
-0.020520520520520502,0.1020309974639304,0.501026026026026,1.2770731066401735,0.018768819853334052
-0.019519519519519524,0.10193290136983832,0.500975975975976,1.2769710025340655,0.018352837751330765
-0.018518518518518545,0.10183470507544583,0.5009259259259259,1.2768689986282578,0.017935678252448194
-0.01751751751751751,0.10173640858075293,0.5008758758758759,1.2767670949227505,0.017517336719322252
-0.016516516516516533,0.10163801188575965,0.5008258258258258,1.2766652914175436,0.0170978084894303
-0.015515515515515499,0.10153951499046594,0.5007757757757758,1.2765635881126371,0.01667708887492152
-0.01451451451451452,0.10144091789487185,0.5007257257257257,1.276461985008031,0.016255173162449756
-0.013513513513513542,0.10134222059897736,0.5006756756756757,1.2763604821037253,0.015832056613001022
-0.012512512512512508,0.10124342310278246,0.5006256256256256,1.27625907939972,0.015407734461723433
-0.01151151151151153,0.10114452540628717,0.5005755755755755,1.2761577768960148,0.014982201917752304
-0.010510510510510496,0.10104552750949147,0.5005255255255255,1.2760565745926105,0.014555454164036875
-0.009509509509509517,0.10094642941239539,0.5004754754754754,1.2759554724895064,0.014127486357163389
-0.008508508508508539,0.10084723111499888,0.5004254254254255,1.2758544705867028,0.01369829362717754
-0.007507507507507505,0.10074793261730199,0.5003753753753754,1.2757535688841994,0.013267871077406302
-0.006506506506506526,0.10064853391930469,0.5003253253253254,1.2756527673819966,0.012836213784276308
-0.0055055055055054924,0.100549035021007,0.5002752752752753,1.275552066080094,0.01240331679713318
-0.004504504504504514,0.1004494359224089,0.5002252252252253,1.275451464978492,0.011969175138057243
-0.00350350350350348,0.10034973662351039,0.5001751751751752,1.2753509640771903,0.011533783801679043
-0.0025025025025025016,0.1002499371243115,0.5001251251251251,1.2752505633761888,0.011097137754993281
-0.0015015015015015232,0.10015003742481221,0.5000750750750751,1.275150262875488,0.010659231937169712
-0.0005005005005004892,0.1000500375250125,0.500025025025025,1.2750500625750874,0.010220061259365388
0.0005005005005005447,0.0999499374249124,0.49997497497497495,1.2749499624749874,0.00977962060453237
0.0015015015015015232,0.0998497371245119,0.4999249249249249,1.2748499625751877,0.00933790482722543
0.0025025025025025016,0.09974943662381101,0.49987487487487486,1.2747500628756885,0.00889490875340826
0.00350350350350348,0.0996490359228097,0.4998248248248248,1.2746502633764896,0.008450627180256997
0.0045045045045044585,0.09954853502150801,0.4997747747747748,1.274550564077591,0.00800505487596377
0.005505505505505548,0.09944793391990589,0.49972472472472473,1.274450964978993,0.007558186579536841
0.006506506506506526,0.09934723261800339,0.4996746746746747,1.2743514660806952,0.007110017000600344
0.007507507507507505,0.09924643111580049,0.49962462462462465,1.274252067382698,0.006660540819191852
0.008508508508508483,0.09914552941329718,0.49957457457457455,1.274152768885001,0.006209752685558456
0.009509509509509462,0.09904452751049349,0.4995245245245245,1.2740535705876046,0.0057576472199507124
0.010510510510510551,0.09894342540738937,0.49947447447447446,1.2739544724905083,0.0053042190124154235
0.01151151151151153,0.09884222310398487,0.4994244244244244,1.2738554745937127,0.004849462622587098
0.012512512512512508,0.09874092060027996,0.4993743743743744,1.2737565768972174,0.0043933725794756745
0.013513513513513487,0.09863951789627466,0.49932432432432433,1.2736577794010224,0.003935943381255047
0.014514514514514465,0.09853801499196894,0.4992742742742743,1.2735590821051281,0.003477169495048216
0.015515515515515554,0.09843641188736284,0.49922422422422424,1.273460485009534,0.003017045356710657
0.016516516516516533,0.09833470858245634,0.4991741741741742,1.2733619881142404,0.0025555653706132555
0.01751751751751751,0.09823290507724942,0.4991241241241241,1.273263591419247,0.0020927239094207907
0.01851851851851849,0.09813100137174212,0.49907407407407406,1.2731652949245542,0.0016285153138721144
0.019519519519519468,0.09802899746593442,0.499024024024024,1.2730670986301615,0.0011629338925547295
0.020520520520520558,0.0979268933598263,0.49897397397397397,1.2729690025360696,0.000695973921680615
0.021521521521521536,0.09782468905341778,0.49892392392392393,1.272871006642278,0.00022762964485822934
0.022522522522522515,0.09772238454670887,0.4988738738738739,1.2727731109487865,-0.0002421047271369936
0.023523523523523493,0.09761997983969957,0.49882382382382384,1.2726753154555956,-0.000713235016593572
0.02452452452452447,0.09751747493238987,0.4987737737737738,1.272577620162705,-0.001185767079097655
0.02552552552552556,0.09741486982477973,0.4987237237237237,1.2724800250701152,-0.00165970680376768
0.02652652652652654,0.09731216451686922,0.49867367367367366,1.2723825301778253,-0.002135060113492315
0.027527527527527518,0.09720935900865832,0.4986236236236236,1.2722851354858362,-0.0026118329651689367
0.028528528528528496,0.097106453300147,0.49857357357357357,1.2721878409941472,-0.0030900313499459212
0.029529529529529475,0.09700344739133529,0.4985235235235235,1.2720906467027586,-0.0035696612934651207
0.030530530530530564,0.09690034128222316,0.4984734734734735,1.2719935526116706,-0.004050728856107711
0.03153153153153154,0.09679713497281066,0.49842342342342344,1.2718965587208828,-0.004533240133241812
0.03253253253253252,0.09669382846309774,0.4983733733733734,1.2717996650303958,-0.005017201255472248
0.0335335335335335,0.09659042175308442,0.4983233233233233,1.2717028715402088,-0.005502618388891989
0.03453453453453448,0.09648691484277071,0.49827327327327325,1.2716061782503223,-0.005989497735336968
0.03553553553553557,0.09638330773215659,0.4982232232232232,1.271509585160736,-0.006477845532641347
0.036536536536536546,0.09627960042124208,0.49817317317317317,1.2714130922714506,-0.006967668054896148
0.037537537537537524,0.09617579291002715,0.4981231231231231,1.2713166995824652,-0.007458971612711008
0.0385385385385385,0.09607188519851183,0.4980730730730731,1.2712204070937803,-0.007951762553475383
0.03953953953953948,0.09596787728669612,0.49802302302302304,1.2711242148053958,-0.008446047261624656
0.04054054054054057,0.09586376917457999,0.497972972972973,1.2710281227173117,-0.00894183215890827
0.04154154154154155,0.09575956086216347,0.49792292292292295,1.2709321308295283,-0.00943912370465796
0.04254254254254253,0.09565525234944655,0.49787287287287285,1.270836239142045,-0.00993792839606158
0.043543543543543506,0.09555084363642923,0.4978228228228228,1.270740447654862,-0.010438252768436573
0.044544544544544484,0.09544633472311152,0.49777277277277276,1.2706447563679795,-0.010940103395507174
0.045545545545545574,0.09534172560949337,0.4977227227227227,1.2705491652813976,-0.011443486889684351
0.04654654654654655,0.09523701629557485,0.4976726726726727,1.2704536743951158,-0.011948409902346758
0.04754754754754753,0.09513220678135594,0.49762262262262263,1.2703582837091343,-0.012454879124125552
0.04854854854854851,0.09502729706683662,0.4975725725725726,1.2702629932234537,-0.01296290128519102
0.0495495495495496,0.09492228715201688,0.4975225225225225,1.270167802938073,-0.013472483155542482
0.05055055055055058,0.09481717703689675,0.49747247247247245,1.2700727128529932,-0.013983631545299247
0.051551551551551555,0.09471196672147623,0.4974224224224224,1.2699777229682134,-0.014496353304995858
0.052552552552552534,0.09460665620575531,0.49737237237237236,1.2698828332837342,-0.015010655325878464
0.05355355355355351,0.09450124548973399,0.4973223223223223,1.2697880437995552,-0.015526544540205212
0.0545545545545546,0.09439573457341224,0.4972722722722723,1.2696933545156766,-0.01604402792154831
0.05555555555555558,0.09429012345679012,0.49722222222222223,1.2695987654320986,-0.016563112485098407
0.05655655655655656,0.09418441213986761,0.4971721721721722,1.269504276548821,-0.017083805287973597
0.05755755755755754,0.09407860062264467,0.49712212212212215,1.2694098878658437,-0.01760611342952938
0.058558558558558516,0.09397268890512135,0.49707207207207205,1.2693155993831668,-0.018130044051671224
0.059559559559559605,0.0938666769872976,0.497022022022022,1.2692214111007905,-0.018655604339171905
0.06056056056056058,0.09376056486917349,0.49697197197197196,1.2691273230187143,-0.0191828015199893
0.06156156156156156,0.09365435255074896,0.4969219219219219,1.2690333351369387,-0.01971164286558862
0.06256256256256254,0.09354804003202402,0.4968718718718719,1.2689394474554634,-0.020242135691267118
0.06356356356356352,0.0934416273129987,0.49682182182182183,1.2688456599742883,-0.02077428735648157
0.06456456456456461,0.09333511439367295,0.4967717717717718,1.268751972693414,-0.021308105265178415
0.06556556556556559,0.09322850127404683,0.49672172172172174,1.26865838561284,-0.021843596866127957
0.06656656656656657,0.0931217879541203,0.4966716716716717,1.2685648987325664,-0.022380769653260302
0.06756756756756754,0.09301497443389335,0.4966216216216216,1.268471512052593,-0.022919631166005063
0.06856856856856852,0.09290806071336602,0.49657157157157156,1.2683782255729203,-0.023460188989633847
0.06956956956956961,0.09280104679253828,0.4965215215215215,1.2682850392935476,-0.024002450755606565
0.07057057057057059,0.09269393267141016,0.49647147147147147,1.2681919532144759,-0.024546424141919057
0.07157157157157157,0.09258671834998161,0.4964214214214214,1.268098967335704,-0.025092116873456673
0.07257257257257255,0.09247940382825268,0.4963713713713714,1.2680060816572327,-0.025639536722348224
0.07357357357357353,0.09237198910622335,0.49632132132132134,1.2679132961790618,-0.02618869150832506
0.07457457457457461,0.09226447418389361,0.49627127127127124,1.2678206109011914,-0.026739589099082917
0.0755755755755756,0.09215685906126346,0.4962212212212212,1.2677280258236214,-0.02729223741064688
0.07657657657657657,0.09204914373833292,0.49617117117117115,1.2676355409463516,-0.027846644407739696
0.07757757757757755,0.09194132821510201,0.4961211211211211,1.2675431562693824,-0.02840281810415304
0.07857857857857853,0.09183341249157066,0.49607107107107107,1.2674508717927135,-0.028960766563124365
0.07957957957957962,0.09172539656773891,0.496021021021021,1.267358687516345,-0.02952049789771376
0.0805805805805806,0.09161728044360677,0.495970970970971,1.267266603440277,-0.03008202027118694
0.08158158158158157,0.09150906411917424,0.49592092092092094,1.2671746195645093,-0.030645341897401136
0.08258258258258255,0.0914007475944413,0.4958708708708709,1.2670827358890422,-0.03121047104119397
0.08358358358358353,0.09129233086940795,0.4958208208208208,1.2669909524138752,-0.03177741601877653
0.08458458458458462,0.0911838139440742,0.49577077077077075,1.2668992691390089,-0.03234618519812989
0.0855855855855856,0.09107519681844008,0.4957207207207207,1.2668076860644426,-0.03291678699940466
0.08658658658658658,0.09096647949250553,0.49567067067067067,1.266716203190177,-0.03348922989532639
0.08758758758758756,0.09085766196627058,0.4956206206206206,1.2666248205162118,-0.03406352241160162
0.08858858858858853,0.09074874423973524,0.4955705705705706,1.2665335380425469,-0.03463967312733054
0.08958958958958962,0.09063972631289949,0.49552052052052054,1.2664423557691826,-0.035217690675421576
0.0905905905905906,0.09053060818576335,0.4954704704704705,1.2663512736961184,-0.03579758374301134
0.09159159159159158,0.0904213898583268,0.49542042042042045,1.2662602918233548,-0.036379361071887044
0.09259259259259256,0.09031207133058985,0.49537037037037035,1.2661694101508916,-0.03696303145891422
0.09359359359359354,0.0902026526025525,0.4953203203203203,1.2660786286787287,-0.037548603756467895
0.09459459459459463,0.09009313367421476,0.49527027027027026,1.2659879474068663,-0.03813608687286712
0.0955955955955956,0.08998351454557661,0.4952202202202202,1.2658973663353044,-0.03872548977281509
0.09659659659659658,0.08987379521663806,0.4951701701701702,1.2658068854640425,-0.039316821477842635
0.09759759759759756,0.08976397568739912,0.49512012012012013,1.2657165047930812,-0.03991009106675483
0.09859859859859854,0.08965405595785977,0.4950700700700701,1.2656262243224206,-0.04050530767608427
0.09959959959959963,0.08954403602802001,0.49502002002002,1.26553604405206,-0.04110248050054697
0.10060060060060061,0.08943391589787987,0.49496996996996995,1.265445963982,-0.04170161879350207
0.10160160160160159,0.08932369556743931,0.4949199199199199,1.2653559841122402,-0.04230273186741798
0.10260260260260257,0.08921337503669838,0.49486986986986986,1.265266104442781,-0.04290582909434067
0.10360360360360354,0.08910295430565703,0.4948198198198198,1.265176324973622,-0.043510919906368975
0.10460460460460463,0.08899243337431526,0.4947697697697698,1.2650866457047636,-0.04411801379613137
0.10560560560560561,0.08888181224267311,0.49471971971971973,1.2649970666362058,-0.04472712031726971
0.10660660660660659,0.08877109091073056,0.4946696696696697,1.2649075877679479,-0.04533824908492781
0.10760760760760757,0.08866026937848762,0.49461961961961964,1.2648182090999909,-0.04595140977624173
0.10860860860860866,0.08854934764594424,0.49456956956956954,1.264728930632334,-0.046566612130839236
0.10960960960960964,0.08843832571310048,0.4945195195195195,1.2646397523649775,-0.04718386595133959
0.11061061061061062,0.08832720357995634,0.49446946946946946,1.2645506742979213,-0.04780318110386146
0.1116116116116116,0.08821598124651178,0.4944194194194194,1.264461696431166,-0.04842456751853437
0.11261261261261257,0.08810465871276683,0.49436936936936937,1.2643728187647105,-0.04904803519001524
0.11361361361361366,0.08799323597872145,0.49431931931931933,1.2642840412985556,-0.04967359417800985
0.11461461461461464,0.08788171304437571,0.4942692692692693,1.2641953640327013,-0.05030125460779944
0.11561561561561562,0.08777008990972955,0.49421921921921924,1.2641067869671472,-0.050931026670773254
0.1166166166166166,0.087658366574783,0.4941691691691692,1.2640183101018936,-0.05156292062496455
0.11761761761761758,0.08754654303953605,0.4941191191191191,1.2639299334369403,-0.052196946795593925
0.11861861861861867,0.08743461930398867,0.49406906906906906,1.2638416569722877,-0.052833115575615965
0.11961961961961964,0.08732259536814092,0.494019019019019,1.2637534807079351,-0.053471437426272854
0.12062062062062062,0.08721047123199276,0.49396896896896897,1.263665404643883,-0.05411192287765232
0.1216216216216216,0.0870982468955442,0.4939189189189189,1.2635774287801314,-0.05475458252925156
0.12262262262262258,0.08698592235879524,0.4938688688688689,1.26348955311668,-0.05539942705054717
0.12362362362362367,0.08687349762174587,0.49381881881881884,1.2634017776535293,-0.05604646718156943
0.12462462462462465,0.08676097268439611,0.49376876876876874,1.2633141023906789,-0.05669571373348381
0.12562562562562563,0.08664834754674595,0.4937187187187187,1.263226527328129,-0.057347177589177095
0.1266266266266266,0.08653562220879539,0.49366866866866865,1.2631390524658792,-0.058000869703849836
0.12762762762762758,0.08642279667054444,0.4936186186186186,1.26305167780393,-0.058656801105613804
0.12862862862862867,0.08630987093199305,0.49356856856856857,1.262964403342281,-0.059314982896098024
0.12962962962962965,0.08619684499314129,0.4935185185185185,1.2628772290809327,-0.05997542625105643
0.13063063063063063,0.08608371885398912,0.4934684684684685,1.2627901550198848,-0.060638142420986266
0.1316316316316316,0.08597049251453658,0.49341841841841844,1.262703181159137,-0.06130314273174964
0.13263263263263259,0.0858571659747836,0.4933683683683684,1.2626163074986898,-0.061970438585202195
0.13363363363363367,0.08574373923473022,0.4933183183183183,1.262529534038543,-0.06264004145982831
0.13463463463463465,0.08563021229437645,0.49326826826826825,1.2624428607786966,-0.0633119629113824
0.13563563563563563,0.0855165851537223,0.4932182182182182,1.2623562877191505,-0.06398621457353651
0.1366366366366366,0.08540285781276774,0.49316816816816816,1.262269814859905,-0.06466280815853534
0.1376376376376376,0.08528903027151276,0.4931181181181181,1.2621834422009597,-0.06534175545785681
0.13863863863863868,0.08517510252995739,0.4930680680680681,1.2620971697423147,-0.0660230683428793
0.13963963963963966,0.08506107458810162,0.49301801801801803,1.2620109974839704,-0.0667067587655569
0.14064064064064064,0.08494694644594546,0.492967967967968,1.2619249254259264,-0.06739283875910056
0.1416416416416416,0.08483271810348889,0.49291791791791795,1.2618389535681829,-0.06808132043866584
0.1426426426426426,0.08471838956073191,0.49286786786786785,1.2617530819107394,-0.06877221600204875
0.14364364364364368,0.08460396081767455,0.4928178178178178,1.2616673104535967,-0.06946553773038762
0.14464464464464466,0.08448943187431676,0.49276776776776776,1.2615816391967543,-0.07016129798887301
0.14564564564564564,0.08437480273065859,0.4927177177177177,1.2614960681402123,-0.07085950922746412
0.14664664664664662,0.08426007338670002,0.4926676676676677,1.2614105972839706,-0.07156018398161335
0.1476476476476476,0.08414524384244104,0.49261761761761763,1.2613252266280293,-0.07226333487299784
0.14864864864864868,0.08403031409788167,0.4925675675675676,1.2612399561723886,-0.07296897461025785
0.14964964964964966,0.0839152841530219,0.4925175175175175,1.261154785917048,-0.07367711598974491
0.15065065065065064,0.08380015400786171,0.49246746746746745,1.2610697158620081,-0.0743877718962752
0.15165165165165162,0.08368492366240114,0.4924174174174174,1.2609847460072685,-0.07510095530389194
0.1526526526526526,0.08356959311664018,0.49236736736736736,1.2608998763528294,-0.07581667927663593
0.1536536536536537,0.08345416237057879,0.4923173173173173,1.2608151068986904,-0.07653495696932416
0.15465465465465467,0.083338631424217,0.49226726726726727,1.2607304376448518,-0.07725580162833445
0.15565565565565564,0.08322300027755483,0.49221721721721723,1.260645868591314,-0.0779792265924014
0.15665665665665662,0.08310726893059227,0.4921671671671672,1.2605613997380762,-0.07870524529341907
0.1576576576576576,0.08299143738332929,0.49211711711711714,1.2604770310851392,-0.07943387125725146
0.1586586586586587,0.0828755056357659,0.49206706706706704,1.2603927626325022,-0.08016511810455268
0.15965965965965967,0.08275947368790211,0.492017017017017,1.260308594380166,-0.08089899955159492
0.16066066066066065,0.08264334153973794,0.49196696696696696,1.2602245263281298,-0.08163552941110544
0.16166166166166163,0.08252710919127337,0.4919169169169169,1.2601405584763943,-0.08237472159311254
0.1626626626626626,0.08241077664250838,0.49186686686686687,1.260056690824959,-0.08311659010580055
0.1636636636636637,0.08229434389344299,0.4918168168168168,1.2599729233738242,-0.08386114905637242
0.16466466466466467,0.08217781094407722,0.4917667667667668,1.2598892561229897,-0.08460841265192381
0.16566566566566565,0.08206117779441104,0.49171671671671674,1.2598056890724556,-0.08535839520032483
0.16666666666666663,0.08194444444444446,0.4916666666666667,1.2597222222222222,-0.08611111111111117
0.1676676676676676,0.08182761089417748,0.4916166166166166,1.2596388555722888,-0.08686657489638563
0.1686686686686687,0.08171067714361008,0.49156656656656655,1.2595555891226562,-0.08762480117172888
0.16966966966966968,0.0815936431927423,0.4915165165165165,1.2594724228733236,-0.0883858046571187
0.17067067067067065,0.08147650904157411,0.49146646646646647,1.2593893568242918,-0.08914960017786139
0.17167167167167163,0.08135927469010552,0.4914164164164164,1.25930639097556,-0.08991620266553123
0.1726726726726726,0.08124194013833654,0.4913663663663664,1.2592235253271287,-0.09068562715892102
0.1736736736736737,0.08112450538626716,0.49131631631631634,1.259140759878998,-0.091457888805002
0.17467467467467468,0.08100697043389736,0.49126626626626624,1.2590580946311676,-0.09223300285989576
0.17567567567567566,0.08088933528122717,0.4912162162162162,1.2589755295836376,-0.09301098468985458
0.17667667667667664,0.0807715999282566,0.49116616616616615,1.258893064736408,-0.09379184977225333
0.17767767767767773,0.0806537643749856,0.4911161161161161,1.2588107000894788,-0.09457561369659323
0.1786786786786787,0.08053582862141422,0.49106606606606606,1.2587284356428499,-0.09536229216551373
0.17967967967967968,0.08041779266754243,0.491016016016016,1.2586462713965214,-0.09615190099581827
0.18068068068068066,0.08029965651337023,0.490965965965966,1.2585642073504937,-0.09694445611950978
0.18168168168168164,0.08018142015889765,0.49091591591591593,1.2584822435047658,-0.09773997358483762
0.18268268268268273,0.08006308360412465,0.4908658658658659,1.2584003798593388,-0.09853846955735578
0.1836836836836837,0.07994464684905125,0.4908158158158158,1.258318616414212,-0.09933996032099329
0.18468468468468469,0.07982610989367746,0.49076576576576575,1.2582369531693856,-0.10014446227913645
0.18568568568568566,0.07970747273800328,0.4907157157157157,1.2581553901248594,-0.10095199195572119
0.18668668668668664,0.0795887353820287,0.49066566566566566,1.258073927280634,-0.10176256599634037
0.18768768768768773,0.07946989782575369,0.4906156156156156,1.2579925646367087,-0.1025762011693609
0.1886886886886887,0.07935096006917829,0.4905655655655656,1.257911302193084,-0.10339291436705392
0.1896896896896897,0.07923192211230251,0.49051551551551553,1.2578301399497596,-0.10421272260673771
0.19069069069069067,0.0791127839551263,0.4904654654654655,1.2577490779067355,-0.10503564303193427
0.19169169169169165,0.0789935455976497,0.49041541541541545,1.257668116064012,-0.10586169291353614
0.19269269269269274,0.0788742070398727,0.49036536536536535,1.2575872544215887,-0.10669088965098839
0.1936936936936937,0.07875476828179531,0.4903153153153153,1.257506492979466,-0.10752325077348335
0.1946946946946947,0.07863522932341752,0.49026526526526526,1.2574258317376434,-0.10835879394116868
0.19569569569569567,0.07851559016473933,0.4902152152152152,1.2573452706961217,-0.10919753694636772
0.19669669669669665,0.07839585080576073,0.4901651651651652,1.2572648098549,-0.1100394977148163
0.19769769769769774,0.07827601124648172,0.49011511511511513,1.2571844492139785,-0.11088469430691017
0.19869869869869872,0.07815607148690232,0.4900650650650651,1.2571041887733578,-0.11173314491896874
0.1996996996996997,0.07803603152702253,0.490015015015015,1.2570240285330374,-0.11258486788451255
0.20070070070070067,0.07791589136684232,0.48996496496496494,1.2569439684930175,-0.1134398816755553
0.20170170170170165,0.07779565100636172,0.4899149149149149,1.2568640086532978,-0.11429820490390936
0.20270270270270274,0.07767531044558072,0.48986486486486486,1.2567841490138787,-0.11515985632250772
0.20370370370370372,0.07755486968449932,0.4898148148148148,1.2567043895747598,-0.11602485482673988
0.2047047047047047,0.07743432872311752,0.48976476476476477,1.2566247303359415,-0.11689321945580336
0.20570570570570568,0.07731368756143531,0.4897147147147147,1.2565451712974234,-0.11776496939407109
0.20670670670670666,0.07719294619945272,0.4896646646646647,1.2564657124592058,-0.11864012397247291
0.20770770770770774,0.07707210463716971,0.48961461461461464,1.2563863538212887,-0.11951870266989505
0.20870870870870872,0.0769511628745863,0.48956456456456454,1.256307095383672,-0.12040072511459368
0.2097097097097097,0.07683012091170249,0.4895145145145145,1.2562279371463556,-0.12128621108562615
0.21071071071071068,0.0767089787485183,0.48946446446446445,1.2561488791093394,-0.12217518051429757
0.21171171171171166,0.0765877363850337,0.4894144144144144,1.256069921272624,-0.12306765348562498
0.21271271271271275,0.07646639382124867,0.48936436436436437,1.2559910636362086,-0.12396365023981924
0.21371371371371373,0.07634495105716327,0.4893143143143143,1.2559123062000939,-0.1248631911737797
0.2147147147147147,0.07622340809277747,0.4892642642642643,1.2558336489642796,-0.1257662968426134
0.21571571571571568,0.07610176492809127,0.48921421421421424,1.2557550919287654,-0.12667298796116608
0.21671671671671666,0.07598002156310465,0.4891641641641642,1.255676635093552,-0.12758328540557287
0.21771771771771775,0.07585817799781763,0.4891141141141141,1.2555982784586388,-0.1284972102148279
0.21871871871871873,0.07573623423223023,0.48906406406406405,1.2555200220240261,-0.12941478359237088
0.2197197197197197,0.07561419026634243,0.489014014014014,1.2554418657897135,-0.13033602690769427
0.2207207207207207,0.07549204610015421,0.48896396396396397,1.2553638097557016,-0.13126096169796658
0.22172172172172167,0.0753698017336656,0.4889139139139139,1.25528585392199,-0.13218960966967705
0.22272272272272275,0.0752474571668766,0.4888638638638639,1.2552079982885787,-0.1331219927002988
0.22372372372372373,0.07512501239978718,0.48881381381381384,1.255130242855468,-0.13405813283997184
0.2247247247247247,0.07500246743239737,0.48876376376376374,1.2550525876226575,-0.13499805231320572
0.2257257257257257,0.07487982226470716,0.4887137137137137,1.2549750325901476,-0.13594177352060283
0.22672672672672667,0.07475707689671654,0.48866366366366365,1.254897577757938,-0.1368893190406019
0.22772772772772776,0.07463423132842553,0.4886136136136136,1.254820223126029,-0.13784071163124187
0.22872872872872874,0.0745112855598341,0.48856356356356356,1.25474296869442,-0.13879597423194828
0.22972972972972971,0.0743882395909423,0.4885135135135135,1.2546658144631115,-0.13975512996533832
0.2307307307307307,0.07426509342175008,0.4884634634634635,1.2545887604321038,-0.14071820213905104
0.23173173173173167,0.07414184705225749,0.48841341341341343,1.254511806601396,-0.14168521424759614
0.23273273273273276,0.07401850048246444,0.4883633633633634,1.254434952970989,-0.14265618997422802
0.23373373373373374,0.07389505371237103,0.4883133133133133,1.2543581995408821,-0.14363115319283884
0.23473473473473472,0.07377150674197722,0.48826326326326325,1.254281546311076,-0.14461012796987857
0.2357357357357357,0.07364785957128302,0.4882132132132132,1.2542049932815698,-0.14559313856629538
0.23673673673673679,0.07352411220028837,0.48816316316316316,1.254128540452364,-0.14658020943950056
0.23773773773773776,0.07340026462899335,0.4881131131131131,1.254052187823459,-0.14757136524535605
0.23873873873873874,0.07327631685739794,0.4880630630630631,1.253975935394854,-0.14856663084018926
0.23973973973973972,0.07315226888550214,0.48801301301301303,1.25389978316655,-0.14956603128282905
0.2407407407407407,0.07302812071330592,0.487962962962963,1.2538237311385458,-0.15056959183666888
0.2417417417417418,0.07290387234080928,0.4879129129129129,1.2537477793108422,-0.15157733797175377
0.24274274274274277,0.07277952376801225,0.48786286286286284,1.2536719276834392,-0.15258929536689347
0.24374374374374375,0.07265507499491484,0.4878128128128128,1.2535961762563363,-0.15360548991180228
0.24474474474474472,0.07253052602151702,0.48776276276276276,1.253520525029534,-0.1546259477092642
0.2457457457457457,0.0724058768478188,0.4877127127127127,1.253444974003032,-0.15565069507732546
0.2467467467467468,0.07228112747382016,0.48766266266266267,1.2533695231768305,-0.15667975855151353
0.24774774774774777,0.07215627789952116,0.48761261261261263,1.2532941725509292,-0.1577131648870843
0.24874874874874875,0.07203132812492173,0.4875625625625626,1.2532189221253285,-0.15875094106129764
0.24974974974974973,0.0719062781500219,0.4875125125125125,1.253143771900028,-0.15979311427571954
0.2507507507507507,0.07178112797482168,0.48746246246246244,1.2530687218750283,-0.16083971195855462
0.2517517517517518,0.07165587759932104,0.4874124124124124,1.2529937720503286,-0.1618907617670077
0.2527527527527528,0.07153052702352002,0.48736236236236236,1.2529189224259294,-0.16294629158967347
0.25375375375375375,0.0714050762474186,0.4873123123123123,1.2528441730018305,-0.164006329548958
0.25475475475475473,0.07127952527101677,0.48726226226226227,1.252769523778032,-0.1650709040035297
0.2557557557557557,0.07115387409431453,0.4872122122122122,1.2526949747545342,-0.16614004355080186
0.2567567567567568,0.0710281227173119,0.4871621621621622,1.2526205259313365,-0.16721377702944518
0.2577577577577578,0.07090227114000888,0.48711211211211214,1.2525461773084396,-0.1682921335219338
0.25875875875875876,0.07077631936240546,0.48706206206206204,1.2524719288858426,-0.1693751423571233
0.25975975975975973,0.07065026738450163,0.487012012012012,1.2523977806635465,-0.17046283311285998
0.2607607607607607,0.07052411520629741,0.48696196196196195,1.2523237326415504,-0.17155523561862518
0.2617617617617618,0.07039786282779276,0.4869119119119119,1.2522497848198546,-0.17265237995821314
0.2627627627627628,0.07027151024898773,0.48686186186186187,1.2521759371984595,-0.173754296472441
0.26376376376376376,0.0701450574698823,0.4868118118118118,1.2521021897773648,-0.17486101576189741
0.26476476476476474,0.07001850449047647,0.4867617617617618,1.2520285425565705,-0.17597256868972302
0.2657657657657657,0.06989185131077025,0.48671171171171174,1.2519549955360765,-0.17708898638442838
0.2667667667667668,0.06976509793076359,0.48666166166166164,1.251881548715883,-0.1782103002427481
0.2677677677677678,0.06963824435045655,0.4866116116116116,1.2518082020959898,-0.179336541932531
0.26876876876876876,0.06951129056984914,0.48656156156156155,1.251734955676397,-0.1804677433956693
0.26976976976976974,0.0693842365889413,0.4865115115115115,1.2516618094571046,-0.1816039368510654
0.2707707707707707,0.06925708240773307,0.48646146146146146,1.2515887634381129,-0.18274515479763506
0.2717717717717718,0.06912982802622442,0.4864114114114114,1.2515158176194212,-0.1838914300173542
0.2727727727727728,0.0690024734444154,0.4863613613613614,1.2514429720010298,-0.18504279557834025
0.27377377377377377,0.06887501866230596,0.48631131131131133,1.2513702265829392,-0.18619928483797932
0.27477477477477474,0.06874746367989612,0.48626126126126124,1.2512975813651488,-0.18736093144608948
0.2757757757757757,0.06861980849718588,0.4862112112112112,1.251225036347659,-0.18852776934812968
0.2767767767767768,0.06849205311417525,0.48616116116116115,1.2511525915304693,-0.18969983278844788
0.2777777777777778,0.0683641975308642,0.4861111111111111,1.2510802469135802,-0.1908771563135746
0.27877877877877877,0.06823624174725276,0.48606106106106106,1.2510080024969914,-0.1920597747755582
0.27977977977977975,0.06810818576334092,0.486011011011011,1.2509358582807029,-0.1932477233353458
0.2807807807807807,0.06798002957912869,0.485960960960961,1.250863814264715,-0.19444103746620822
0.2817817817817818,0.06785177319461604,0.48591091091091093,1.2507918704490275,-0.19563975295721195
0.2827827827827828,0.067723416609803,0.4858608608608609,1.2507200268336405,-0.19684390591673512
0.28378378378378377,0.06759495982468956,0.4858108108108108,1.2506482834185535,-0.19805353277603377
0.28478478478478475,0.06746640283927571,0.48576076076076075,1.2505766402037672,-0.19926867029285367
0.28578578578578573,0.06733774565356149,0.4857107107107107,1.2505050971892813,-0.2004893555550904
0.2867867867867868,0.06720898826754683,0.48566066066066066,1.2504336543750956,-0.2017156259845023
0.2877877877877878,0.06708013068123178,0.4856106106106106,1.2503623117612106,-0.2029475193404677
0.2887887887887888,0.06695117289461634,0.4855605605605606,1.2502910693476257,-0.2041850737237998
0.28978978978978975,0.06682211490770051,0.48551051051051053,1.2502199271343415,-0.2054283275806082
0.29079079079079073,0.06669295672048427,0.4854604604604605,1.2501488851213574,-0.20667731970621556
0.2917917917917918,0.0665636983329676,0.4854104104104104,1.250077943308674,-0.2079320892491265
0.2927927927927928,0.06643433974515056,0.48536036036036034,1.2500071016962908,-0.2091926757150514
0.2937937937937938,0.06630488095703312,0.4853103103103103,1.2499363602842082,-0.21045911897098551
0.29479479479479476,0.06617532196861528,0.48526026026026026,1.2498657190724256,-0.2117314592493436
0.29579579579579574,0.06604566277989703,0.4852102102102102,1.2497951780609438,-0.21300973715215143
0.2967967967967968,0.06591590339087836,0.48516016016016017,1.2497247372497622,-0.214293993655296
0.2977977977977978,0.06578604380155932,0.4851101101101101,1.249654396638881,-0.21558427011283243
0.2987987987987988,0.06565608401193988,0.4850600600600601,1.2495841562283003,-0.21688060826135436
0.29979979979979976,0.06552602402202003,0.48501001001001,1.2495140160180198,-0.21818305022442086
0.30080080080080074,0.06539586383179978,0.48495995995995994,1.24944397600804,-0.2194916385170477
0.30180180180180183,0.06526560344127913,0.4849099099099099,1.2493740361983605,-0.22080641605026027
0.3028028028028028,0.06513524285045807,0.48485985985985985,1.2493041965889813,-0.22212742613571068
0.3038038038038038,0.06500478205933662,0.4848098098098098,1.2492344571799026,-0.22345471249035873
0.30480480480480476,0.06487422106791477,0.48475975975975977,1.249164817971124,-0.22478831924122017
0.30580580580580585,0.06474355987619251,0.4847097097097097,1.2490952789626464,-0.22612829093018041
0.30680680680680683,0.06461279848416986,0.4846596596596597,1.2490258401544687,-0.2274746725188777
0.3078078078078078,0.06448193689184681,0.48460960960960964,1.2489565015465915,-0.22882750939365304
0.3088088088088088,0.06435097509922336,0.48455955955955954,1.2488872631390147,-0.23018684737057332
0.30980980980980977,0.0642199131062995,0.4845095095095095,1.2488181249317385,-0.231552732700524
0.31081081081081086,0.06408875091307524,0.48445945945945945,1.2487490869247626,-0.2329252120743747
0.31181181181181183,0.06395748851955059,0.4844094094094094,1.2486801491180868,-0.2343043326282188
0.3128128128128128,0.06382612592572554,0.48435935935935936,1.248611311511712,-0.2356901419486878
0.3138138138138138,0.06369466313160008,0.4843093093093093,1.248542574105637,-0.2370826880783434
0.31481481481481477,0.06356310013717423,0.4842592592592593,1.2484739368998627,-0.23848201952114467
0.31581581581581586,0.06343143694244795,0.4842092092092092,1.2484053998943887,-0.2398881852479966
0.31681681681681684,0.06329967354742129,0.48415915915915914,1.2483369630892154,-0.2413012347023769
0.3178178178178178,0.06316780995209424,0.4841091091091091,1.2482686264843421,-0.24272121780604633
0.3188188188188188,0.06303584615646679,0.48405905905905905,1.2482003900797696,-0.24414818496483984
0.3198198198198198,0.06290378216053892,0.484009009009009,1.248132253875497,-0.24558218707454513
0.32082082082082086,0.06277161796431066,0.48395895895895896,1.2480642178715249,-0.2470232755268622
0.32182182182182184,0.062639353567782,0.4839089089089089,1.2479962820678536,-0.24847150221545597
0.3228228228228228,0.06250698897095294,0.4838588588588589,1.2479284464644824,-0.24992691954209356
0.3238238238238238,0.06237452417382347,0.48380880880880883,1.2478607110614117,-0.2513895804228738
0.3248248248248248,0.06224195917639362,0.48375875875875873,1.2477930758586413,-0.25285953829454666
0.32582582582582587,0.06210929397866334,0.4837087087087087,1.2477255408561714,-0.2543368471209303
0.32682682682682684,0.06197652858063269,0.48365865865865865,1.2476581060540017,-0.25582156139941653
0.3278278278278278,0.061843662982301616,0.4836086086086086,1.2475907714521328,-0.2573137361675805
0.3288288288288288,0.061710697183670164,0.48355855855855856,1.247523537050564,-0.2588134270098827
0.3298298298298298,0.0615776311847383,0.4835085085085085,1.2474564028492956,-0.26032069006447467
0.33083083083083087,0.06144446498550603,0.4834584584584585,1.2473893688483277,-0.26183558203010515
0.33183183183183185,0.06131119858597335,0.48340840840840843,1.2473224350476602,-0.2633581601731299
0.3328328328328328,0.0611778319861403,0.4833583583583584,1.247255601447293,-0.26488848233462686
0.3338338338338338,0.06104436518600684,0.4833083083083083,1.2471888680472263,-0.2664266069376205
0.3348348348348348,0.06091079818557297,0.48325825825825824,1.24712223484746,-0.2679725929944124
0.33583583583583587,0.06077713098483868,0.4832082082082082,1.247055701847994,-0.26952650011402496
0.33683683683683685,0.060643363583804025,0.48315815815815816,1.2469892690488285,-0.27108838850975686
0.33783783783783783,0.06050949598246896,0.4831081081081081,1.2469229364499634,-0.27265831900685633
0.3388388388388388,0.06037552818083349,0.48305805805805807,1.2468567040513985,-0.27423635305030836
0.3398398398398398,0.060241460178897636,0.483008008008008,1.2467905718531345,-0.27582255271274214
0.3408408408408409,0.06010729197666135,0.48295795795795793,1.2467245398551703,-0.27741698070246246
0.34184184184184185,0.05997302357412468,0.4829079079079079,1.2466586080575068,-0.27901970037159984
0.34284284284284283,0.059838654971287604,0.48285785785785784,1.2465927764601437,-0.28063077572439143
0.3438438438438438,0.059704186168150146,0.4828078078078078,1.2465270450630812,-0.28225027142558606
0.3448448448448448,0.05956961716471226,0.48275775775775776,1.2464614138663186,-0.2838782528089836
0.3458458458458459,0.05943494796097398,0.4827077077077077,1.2463958828698567,-0.28551478588610196
0.34684684684684686,0.05930017855693531,0.48265765765765767,1.2463304520736953,-0.2871599373549842
0.34784784784784784,0.05916530895259625,0.4826076076076076,1.246265121477834,-0.2888137746091412
0.3488488488488488,0.059030339147956766,0.4825575575575576,1.2461998910822734,-0.2904763657466342
0.3498498498498498,0.058895269143016904,0.4825075075075075,1.246134760887013,-0.29214777957929944
0.3508508508508509,0.05876009893777661,0.48245745745745744,1.2460697308920532,-0.29382808564212193
0.35185185185185186,0.05862482853223595,0.4824074074074074,1.2460048010973936,-0.2955173542027505
0.35285285285285284,0.05848945792639486,0.48235735735735735,1.2459399715030346,-0.29721565627117164
0.3538538538538538,0.0583539871202534,0.4823073073073073,1.2458752421089758,-0.2989230636095294
0.3548548548548548,0.05821841611381152,0.48225725725725727,1.2458106129152173,-0.3006396487421086
0.3558558558558559,0.05808274490706924,0.4822072072072072,1.2457460839217596,-0.3023654849654702
0.35685685685685686,0.05794697350002655,0.4821571571571572,1.2456816551286019,-0.3041006463587563
0.35785785785785784,0.05781110189268348,0.48210710710710714,1.2456173265357449,-0.30584520779415353
0.3588588588588588,0.05767513008504,0.48205705705705704,1.2455530981431882,-0.30759924494753144
0.3598598598598598,0.057539058077096125,0.482007007007007,1.245488969950932,-0.3093628343092476
0.3608608608608609,0.057402885868851825,0.48195695695695695,1.2454249419589758,-0.31113605319512927
0.36186186186186187,0.05726661346030716,0.4819069069069069,1.2453610141673204,-0.3129189797576326
0.36286286286286284,0.05713024085146208,0.48185685685685686,1.2452971865759652,-0.3147116929971871
0.3638638638638638,0.056993768042316595,0.4818068068068068,1.2452334591849104,-0.31651427277371824
0.3648648648648649,0.0568571950328707,0.4817567567567568,1.2451698319941562,-0.31832679981836476
0.3658658658658659,0.056720521823124426,0.4817067067067067,1.2451063050037023,-0.32014935574538433
0.36686686686686687,0.05658374841307774,0.48165665665665663,1.2450428782135488,-0.32198202306425916
0.36786786786786785,0.05644687480273066,0.4816066066066066,1.2449795516236957,-0.3238248851919946
0.3688688688688688,0.05630990099208319,0.48155655655655655,1.244916325234143,-0.3256780264656278
0.3698698698698699,0.056172826981135286,0.4815065065065065,1.2448531990448906,-0.327541532154942
0.3708708708708709,0.05603565276988701,0.48145645645645646,1.2447901730559385,-0.3294154884753871
0.3718718718718719,0.055898378358338316,0.4814064064064064,1.2447272472672872,-0.3312999826012242
0.37287287287287285,0.05576100374648925,0.4813563563563564,1.244664421678936,-0.33319510267888364
0.37387387387387383,0.05562352893433974,0.48130630630630633,1.2446016962908855,-0.3351009378405503
0.3748748748748749,0.055485953921889854,0.48125625625625623,1.244539071103135,-0.33701757821797396
0.3758758758758759,0.05534827870913957,0.4812062062062062,1.2444765461156853,-0.3389451149565167
0.3768768768768769,0.055210503296088884,0.48115615615615615,1.2444141213285356,-0.340883640229435
0.37787787787787785,0.055072627682737796,0.4811061061061061,1.2443517967416866,-0.3428332472524047
0.37887887887887883,0.05493465186908632,0.48105605605605606,1.244289572355138,-0.3447940302982935
0.3798798798798799,0.05479657585513441,0.481006006006006,1.2442274481688895,-0.3467660847121854
0.3808808808808809,0.05465839964088212,0.48095595595595597,1.2441654241829416,-0.3487495069266598
0.3818818818818819,0.05452012322632943,0.48090590590590593,1.244103500397294,-0.35074439447733685
0.38288288288288286,0.05438174661147635,0.4808558558558559,1.244041676811947,-0.35275084601868695
0.38388388388388384,0.05424326979632286,0.4808058058058058,1.2439799534269003,-0.3547689613401141
0.3848848848848849,0.054104692780868956,0.48075575575575574,1.2439183302421541,-0.3567988413823174
0.3858858858858859,0.05396601556511466,0.4807057057057057,1.243856807257708,-0.35884058825393544
0.3868868868868869,0.05382723814905997,0.48065565565565566,1.2437953844735625,-0.36089430524848265
0.38788788788788786,0.053688360532704885,0.4806056056056056,1.2437340618897175,-0.36296009686157876
0.38888888888888884,0.05354938271604939,0.48055555555555557,1.2436728395061727,-0.3650380688084818
0.38988988988988993,0.05341030469909348,0.4805055055055055,1.2436117173229284,-0.3671283280419272
0.3908908908908909,0.0532711264818372,0.4804554554554554,1.2435506953399844,-0.3692309827702805
0.3918918918918919,0.0531318480642805,0.4804054054054054,1.2434897735573411,-0.37134614247601516
0.39289289289289286,0.052992469446423406,0.48035535535535534,1.243428951974998,-0.3734739179345106
0.39389389389389384,0.052852990628265914,0.4803053053053053,1.2433682305929554,-0.37561442123318944
0.39489489489489493,0.052713411609808004,0.48025525525525525,1.243307609411213,-0.37776776579099397
0.3958958958958959,0.052573732391049705,0.4802052052052052,1.2432470884297708,-0.37993406637820865
0.3968968968968969,0.05243395297199101,0.48015515515515517,1.2431866676486296,-0.3821134391366422
0.39789789789789787,0.05229407335263192,0.4801051051051051,1.2431263470677882,-0.3843060016001686
0.39889889889889885,0.05215409353297242,0.4800550550550551,1.2430661266872478,-0.38651187271563975
0.39989989989989994,0.052014013513012505,0.480005005005005,1.2430060065070074,-0.3887311728641769
0.4009009009009009,0.051873833292752206,0.47995495495495494,1.2429459865270676,-0.3909640238828462
0.4019019019019019,0.051733552872191516,0.4799049049049049,1.242886066747428,-0.3932105490867313
0.40290290290290287,0.051593172251330414,0.47985485485485485,1.242826247168089,-0.3954708732914076
0.40390390390390385,0.05145269143016892,0.4798048048048048,1.2427665277890503,-0.3977451228358259
0.40490490490490494,0.051312110408707,0.47975475475475476,1.2427069086103117,-0.4000334256056204
0.4059059059059059,0.0511714291869447,0.4797047047047047,1.2426473896318742,-0.40233591105683947
0.4069069069069069,0.051030647764882,0.4796546546546547,1.2425879708537364,-0.4046527102401237
0.4079079079079079,0.0508897661425189,0.47960460460460463,1.2425286522758996,-0.4069839558253232
0.40890890890890885,0.0507487843198554,0.47955455455455454,1.2424694338983626,-0.40932978212657817
0.40990990990990994,0.05060770229689149,0.4795045045045045,1.2424103157211266,-0.4116903251278634
0.4109109109109109,0.05046652007362718,0.47945445445445445,1.2423512977441906,-0.4140657225090144
0.4119119119119119,0.050325237650062485,0.4794044044044044,1.242292379967555,-0.4164561136722372
0.4129129129129129,0.05018385502619738,0.47935435435435436,1.24223356239122,-0.4188616397691215
0.41391391391391386,0.050042372202031865,0.4793043043043043,1.2421748450151853,-0.421282443728161
0.41491491491491495,0.04990078917756595,0.4792542542542543,1.242116227839451,-0.42371867028279464
0.4159159159159159,0.04975910595279965,0.4792042042042042,1.242057710864017,-0.4261704659999831
0.4169169169169169,0.049617322527732946,0.47915415415415413,1.2419992940888838,-0.4286379793093284
0.4179179179179179,0.04947543890236583,0.4791041041041041,1.2419409775140504,-0.43112136053274963
0.41891891891891886,0.04933345507669833,0.47905405405405405,1.241882761139518,-0.4336207619147274
0.41991991991991995,0.04919137105073041,0.479004004004004,1.2418246449652854,-0.4361363376531351
0.4209209209209209,0.049049186824462104,0.47895395395395396,1.2417666289913536,-0.4386682439306564
0.4219219219219219,0.04890690239789339,0.4789039039039039,1.2417087132177222,-0.44121663894682134
0.4229229229229229,0.048764517771024286,0.4788538538538539,1.241650897644391,-0.44378168295065623
0.42392392392392386,0.048622032943854775,0.47880380380380383,1.2415931822713604,-0.44636353827397646
0.42492492492492495,0.04847944791638485,0.47875375375375373,1.24153556709863,-0.44896236936532524
0.42592592592592593,0.04833676268861454,0.4787037037037037,1.2414780521262003,-0.4515783428245819
0.4269269269269269,0.048193977260543835,0.47865365365365364,1.2414206373540706,-0.4542116274382494
0.4279279279279279,0.04805109163217272,0.4786036036036036,1.2413633227822418,-0.4568623942154397
0.42892892892892887,0.047908105803501216,0.47855355355355356,1.2413061084107129,-0.4595308164245713
0.42992992992992995,0.04776501977452928,0.4785035035035035,1.2412489942394846,-0.4622170696307983
0.43093093093093093,0.047621833545256974,0.47845345345345347,1.2411919802685567,-0.46492133173418093
0.4319319319319319,0.04747854711568426,0.4784034034034034,1.2411350664979293,-0.4676437830086281
0.4329329329329329,0.04733516048581115,0.4783533533533534,1.2410782529276023,-0.47038460614161387
0.433933933933934,0.04719167365563761,0.4783033033033033,1.2410215395575754,-0.4731439862747001
0.43493493493493496,0.0470480866251637,0.47825325325325324,1.2409649263878493,-0.4759221110448718
0.43593593593593594,0.04690439939438938,0.4782032032032032,1.2409084134184234,-0.4787191706267197
0.4369369369369369,0.04676061196331467,0.47815315315315315,1.2408520006492978,-0.4815353577754721
0.4379379379379379,0.04661672433193956,0.4781031031031031,1.2407956880804727,-0.484370867870912
0.438938938938939,0.046472736500264025,0.47805305305305307,1.240739475711948,-0.4872258989621916
0.43993993993993996,0.0463286484682881,0.478003003003003,1.2406833635437238,-0.49010065181356666
0.44094094094094094,0.04618446023601179,0.4779529529529529,1.2406273515758,-0.49299532995107787
0.4419419419419419,0.04604017180343507,0.4779029029029029,1.2405714398081766,-0.4959101397101973
0.4429429429429429,0.04589578317055795,0.47785285285285284,1.2405156282408534,-0.49884529028446334
0.443943943943944,0.04575129433738042,0.4778028028028028,1.2404599168738308,-0.5018009937751301
0.44494494494494496,0.045606705303902505,0.47775275275275275,1.2404043057071084,-0.5047774652418563
0.44594594594594594,0.04546201607012418,0.4777027027027027,1.2403487947406864,-0.5077749227544586
0.4469469469469469,0.045317226636045455,0.47765265265265267,1.2402933839745651,-0.5107935874457529
0.4479479479479479,0.04517233700166634,0.4776026026026026,1.240238073408744,-0.5138336835655154
0.448948948948949,0.04502734716698681,0.4775525525525526,1.2401828630432234,-0.5168954385355866
0.44994994994994997,0.04488225713200688,0.4775025025025025,1.240127752878003,-0.5199790830061486
0.45095095095095095,0.04473706689672656,0.47745245245245244,1.2400727429130833,-0.5230848509132062
0.4519519519519519,0.044591776461145836,0.4774024024024024,1.2400178331484637,-0.5262129795372997
0.4529529529529529,0.04444638582526471,0.47735235235235235,1.2399630235841448,-0.5293637095634797
0.453953953953954,0.04430089498908317,0.4773023023023023,1.239908314220126,-0.5325372851425806
0.45495495495495497,0.04415530395260125,0.47725225225225226,1.2398537050564076,-0.5357339539538174
0.45595595595595595,0.04400961271581893,0.4772022022022022,1.23979919609299,-0.5389539672687501
0.45695695695695693,0.0438638212787362,0.4771521521521522,1.2397447873298724,-0.5421975800166404
0.4579579579579579,0.04371792964135308,0.47710210210210213,1.2396904787670553,-0.5454650508512394
0.458958958958959,0.04357193780366953,0.47705205205205203,1.2396362704045385,-0.5487566422190502
0.45995995995996,0.0434258457656856,0.477002002002002,1.2395821622423224,-0.5520726204290892
0.46096096096096095,0.04327965352740128,0.47695195195195195,1.2395281542804064,-0.555413255724201
0.46196196196196193,0.04313336108881655,0.4769019019019019,1.239474246518791,-0.5587788223539527
0.4629629629629629,0.042986968449931426,0.47685185185185186,1.239420438957476,-0.5621695986491594
0.463963963963964,0.04284047561074588,0.4768018018018018,1.2393667315964612,-0.565585867098077
0.464964964964965,0.042693882571259945,0.4767517517517518,1.239313124435747,-0.5690279144243083
0.46596596596596596,0.042547189331473625,0.4767017017017017,1.239259617475333,-0.5724960316664697
0.46696696696696693,0.04240039589138689,0.47665165165165163,1.2392062107152197,-0.5759905142596623
0.4679679679679679,0.042253502250999754,0.4766016016016016,1.2391529041554066,-0.5795116621187926
0.468968968968969,0.04210650841031221,0.47655155155155154,1.239099697795894,-0.5830597797238
0.46996996996997,0.04195941436932428,0.4765015015015015,1.2390465916366817,-0.5866351762068338
0.47097097097097096,0.04181222012803595,0.47645145145145146,1.2389935856777696,-0.5902381654414397
0.47197197197197194,0.04166492568644721,0.4764014014014014,1.2389406799191582,-0.5938690661338004
0.4729729729729729,0.04151753104455808,0.47635135135135137,1.2388878743608471,-0.5975282019160963
0.473973973973974,0.04137003620236854,0.4763013013013013,1.2388351690028367,-0.6012159014420374
0.474974974974975,0.041222441159878595,0.47625125125125123,1.2387825638451262,-0.6049324984846245
0.47597597597597596,0.04107474591708826,0.4762012012012012,1.2387300588877166,-0.6086783320362069
0.47697697697697694,0.04092695047399753,0.47615115115115114,1.238677654130607,-0.6124537464108954
0.4779779779779779,0.04077905483060639,0.4761011011011011,1.238625349573798,-0.6162590913493942
0.478978978978979,0.04063105898691484,0.47605105105105106,1.2385731452172892,-0.620094722126322
0.47997997997998,0.040482962942922904,0.476001001001001,1.238521041061081,-0.6239609996600906
0.48098098098098097,0.040334766698630564,0.47595095095095097,1.2384690371051732,-0.6278582906254122
0.48198198198198194,0.04018647025403783,0.4759009009009009,1.2384171333495657,-0.6317869675685073
0.4829829829829829,0.04003807360914469,0.4758508508508509,1.2383653297942587,-0.6357474090250915
0.483983983983984,0.039889576763951134,0.4758008008008008,1.238313626439252,-0.6397399996412211
0.484984984984985,0.0397409797184572,0.47575075075075074,1.2382620232845458,-0.6437651302970703
0.48598598598598597,0.03959228247266286,0.4757007007007007,1.23821052033014,-0.6478231982337379
0.48698698698698695,0.03944348502656812,0.47565065065065065,1.2381591175760343,-0.6519146071831552
0.4879879879879879,0.039294587380172975,0.4756006006006006,1.2381078150222293,-0.6560397675011931
0.488988988988989,0.03914558953347742,0.47555055055055057,1.2380566126687247,-0.6601990963040586
0.48998998998999,0.038996491486481474,0.4755005005005005,1.2380055105155205,-0.6643930176080752
0.49099099099099097,0.038847293239185135,0.4754504504504504,1.2379545085626165,-0.6686219624729449
0.49199199199199195,0.03869799479158839,0.4754004004004004,1.237903606810013,-0.6728863691485977
0.49299299299299304,0.03854859614369124,0.47535035035035034,1.23785280525771,-0.6771866832257256
0.493993993993994,0.03839909729549369,0.4753003003003003,1.2378021039057074,-0.6815233577901183
0.494994994994995,0.03824949824699575,0.47525025025025025,1.2377515027540051,-0.6858968535809078
0.495995995995996,0.038099798998197404,0.4752002002002002,1.2377010018026031,-0.6903076391528398
0.49699699699699695,0.037949999549098654,0.47515015015015016,1.2376506010515018,-0.6947561910426899
0.49799799799799804,0.03780009989969949,0.4751001001001001,1.2376003005007008,-0.699242993939953
0.498998998998999,0.037650100049999954,0.4750500500500501,1.2375501001502003,-0.7037685408619265
0.5,0.037500000000000006,0.475,1.2374999999999998,-0.7083333333333333
